128 10
SigmoidActivation
0.039509723247582465 -0.05479685526298826 -0.04986805236344315 0.04498295535917811 -0.01033062824477359 -0.03159675990287031 -0.04404095985754863 -0.050651317880305226 0.004116579667996808 0.02923779778015468 
-0.026199851003722224 -0.01454166635477182 -0.005995470314031667 0.04785179197334251 -0.019370553581075707 0.005341016026372964 -0.060754991170751345 -0.01840446629512817 -0.0054330777424778775 -0.06330040059492704 
0.03890743970854685 0.022872104613397684 0.030557976135269796 0.016973073589749435 0.05923754240233142 -0.0014392114472121242 0.006534783320008064 0.036642235073404694 0.02601423494860787 -0.003994327952159288 
0.04827806702898747 -0.05455056873046238 0.04934807324255615 -0.048753466809774645 -0.04706801310520892 -0.0035583546549493583 0.04391341187204162 -0.052037487277394795 0.03780800938735117 -0.0021419540061727166 
-0.014177993233523624 0.0048591610837118646 -0.041406757243319964 0.01921004577619057 0.03559526407921106 0.04946889279028821 -0.010082785158496784 0.01804461913142799 -0.003229911793278149 0.049081020104273614 
-0.06920714857750435 0.07302619620481869 -0.0974129880131326 -0.10350440512819209 -0.03543396231371281 -0.024626285424098403 -0.10470606824179211 -0.05610398182820282 -0.05100830127866863 -0.0826269164325727 
-0.03737213188738362 -0.05712854757487704 -0.007670954135909718 0.045553189256488935 0.009425517789352836 -0.006040135026576652 -0.035509852570974346 0.025626853668921094 0.04837362111890099 0.049134942076436226 
-0.039721589556312414 0.06437048904808483 -0.03322204661634287 -0.034287985248380004 0.011295006460966112 0.02618919696780147 -0.10115777955565365 0.008151205546278099 -0.05656781207689709 -0.08375898228073672 
-0.03883102473769327 -0.007117204406649008 -0.014121014897665304 0.05423130915285722 0.0018397152254334137 0.05255072908624027 0.04115545175649281 -0.01754980313483613 0.0270981305481392 -0.0609382254793278 
-0.07183906233722434 0.07598862346087318 0.04741755042092866 -0.06614431271135394 0.01854832506202713 0.044201577520487305 -0.06449134432573628 -0.007052027392793674 -8.905503028265963E-4 0.03205284413777566 
-0.1435136046343826 0.06615914127433803 -0.11102974481072897 -0.17603356397322156 -0.1451009817760827 -0.06612680253905086 -0.2310760240824515 -0.06955190971814583 -0.14967071652089978 -0.173448156827087 
-0.014858913362386164 -0.03547644385860009 -0.05754533024143245 0.04210380754936481 0.03816489091257845 0.03234213418769685 -0.05944115727557525 0.022530771216868833 -0.043286883575493804 0.022101694995554005 
-0.054254218023213355 -0.015820434250130043 -0.018646514702928232 -0.05997912453897798 0.006023079898160998 -0.057018913664207006 0.037282524793747746 0.04800562948794132 0.02078348195915477 -0.049718062365727705 
-0.03960500495800956 -0.026751723229676547 -0.03773857565181385 0.012883494925445299 -0.025287287633617997 0.021241862706456033 -0.003608396015360185 -0.05689395172422111 -0.014680867141682055 -0.0601754638779399 
-0.012469912809970621 0.020471963844842733 -0.06617888583483961 -0.02141316028723168 -0.08205580890993852 -0.0524336123466883 -0.021966434945466854 -0.05935419016466453 -0.003322158557038634 -0.05007927307722547 
-0.01969256925855649 0.014619102403060177 0.060285387653783135 0.02512543032256427 0.05354198862191922 0.030294056372594302 0.059097295734028346 0.02900597943642548 -0.02298659450600528 -0.007227463903262843 
-0.04021123129925058 0.06725752523735747 -0.06986664878394691 -0.10009957032423787 -0.04516051179225184 -0.09924976736843814 -0.08660339858910765 -0.06409289392259444 -0.04392538141568579 -0.15102174638766952 
-0.060647408768663626 0.024053045537155843 0.055750554176656725 0.01939041263882912 0.031117885899291684 0.03458033651533046 0.01482394466584327 -0.03324303153870198 -0.06364348968103596 0.022786945430318183 
0.026412561437681614 -0.0186076863240483 0.014232806284168092 0.05508478836006439 -0.027810889782091147 0.055098073319402904 0.01828397434737808 0.028664811564317966 -0.01574662972597736 0.005104006388189974 
-0.021983295398595407 0.03114615116195163 0.05126536985613793 0.03735072242432634 -0.041302189036478906 0.016729291835334517 -0.01185363375062666 0.01657394417084454 -0.03665331264301237 0.047087483055721274 
-0.10116441010438937 0.07393858089495427 0.02149331182102592 -0.08811353221980318 -0.08000827366073458 -0.021950630873689887 -0.046834113939243145 -0.08658025322325798 0.009500819235743684 -0.02306922932853508 
0.02765659470474567 0.03711086116962803 0.01281342603014067 -0.04916814392120815 -0.008187118994074039 0.056464147638425125 0.055861989252037225 0.022528407001514678 0.0535486144177193 -0.04420250808536569 
-0.12857526495619506 0.08358160967405354 -0.016404282755498836 -0.052687814641873616 -0.0019964356947732398 -0.08050507846083918 -0.1261602272509312 -0.06393530643027569 -0.08354234051639799 -0.0538441274951153 
0.04117456443539261 -0.00863092648961786 0.006362374274741453 -0.023867666081237516 -0.029839856371693136 -3.6940197580372146E-4 -0.08052781337441313 -0.0666044400437341 -0.05624653710283502 -0.09027299810683052 
0.028767985585803117 0.0024313092172080705 -0.010738040650093924 -0.02119909467396153 -0.07216998489529283 0.006551715816159843 -0.042351885932074264 -0.0046068450940473325 -0.04287989349930367 0.01048495052688492 
-0.12165718890087168 0.1410893121592993 -0.02776632491076911 -0.11670353152719187 -0.07069595999197544 -0.09000926236578728 -0.1443290041344626 -0.08073172959529268 -0.1259772751936548 -0.16701909498658496 
0.024048894176975255 0.006503564177276727 0.060914977975731796 0.0585704525191407 0.021105236324040613 0.016667691282046163 -0.048377168623360896 0.04909841883869909 0.009715212780668687 0.04725488016511386 
0.041649359643604854 0.03780369594279383 -0.06422363406174245 0.02270168087470171 0.035987300247449415 -0.04514594105117671 0.03532055163025255 0.04599673810567427 -0.03570886014914422 0.00980344968803381 
-0.09473006660922767 0.08507280796455576 -0.05425904318963844 -0.07953854034634202 -0.011779655795304607 -0.02389172325607064 -0.01960204774561288 -0.009668933141067301 0.04864968483743211 -0.028038976141073518 
-0.10415495455881764 0.06464231876764145 -0.10218868928610281 -0.04349754894976707 -0.12408947814134859 -0.007114476222763288 -0.15242592049206527 -0.09133313868916867 -0.1369834840190277 -0.19062793451191437 
-0.03806226577403325 0.052438862515482555 0.0037502392424193175 -0.040638126863346134 0.0527373554417592 -0.04312697664379626 0.059732487593658894 -0.02936790413551266 0.021830373257921244 0.032152745507327 
0.04290106269508694 -0.0157387651276756 0.00770266109944777 0.0595754257252791 0.02958186664025498 0.018932740597037704 -0.015649551038076897 -0.0578515349417835 0.0060073212584461225 0.024712730542428212 
-8.451405432336137E-5 0.045048659640494454 -0.011904275795939117 -0.0020103875623433388 0.019992418588212553 0.034504788793660694 7.677287893372402E-4 -0.029201074268306936 0.027403599708019432 0.0481105900210985 
0.0040188796818768635 0.05183391808031594 -0.05035420617728628 0.029219222455397875 6.847137955356269E-4 -0.023018390241176925 0.008644148654267991 0.05547283324080707 -0.01074784083005731 -3.661426706812465E-4 
-0.08161248342513003 0.01802045045302508 -0.01337159391881423 -0.04540965048520222 -0.054990392682645495 -0.002107655902654239 -0.005548594573740968 -0.08036874654658352 -0.02524865310774806 -0.024242754652296288 
0.031324123157427275 -0.009696246545034884 -0.03874888797119304 0.023259428635273596 -0.026428311608895694 -0.03995223466493397 -0.0034148969241093036 -0.04817901362786488 0.016052151005023163 0.030140935395698523 
-0.05568394796264371 0.041461785616027105 0.007680483720455586 0.0610381044958062 -0.029665530442775256 -0.03396049523182258 -7.023758566826743E-4 0.027062609559860493 -0.023812851271280466 0.0413283768723471 
0.005936768897401246 0.04206470825721005 0.002237001840035016 -0.018094452068097233 0.007428284602859575 0.05742149152847391 0.045829639781191533 0.026044271080589432 0.062194419278577176 -0.03910233396314415 
0.024594266937885193 0.029456444291677382 -0.030719449756630178 0.0020966581037925127 -0.008776946861975804 -0.060517150993622114 0.018666162052085034 0.02276332683478835 -0.006345556686445379 -0.07362870897148303 
-0.046235073060024244 0.051091546066516336 -0.0213523948259193 -0.05068384085383666 0.03139938894337872 -0.04802658537244694 0.011816964648948262 0.032949275193236975 -0.08778100263990327 0.023081199955933905 
-0.027957303460031314 0.030330596501339967 0.031117829944312704 -0.008032203693948461 0.006313889439478773 -0.05691590850911801 0.05599867411127889 -0.014928925112101326 -0.024909073425336263 -0.043368182069157414 
-0.19489843974926085 0.16428560164232142 -0.12346160272347252 -0.15201827172592808 -0.07065185436253164 -0.10591420737760784 -0.22508156345133484 -0.14847058927926424 -0.19663380369244898 -0.1773790048708987 
0.0274915532467552 0.03133899326586165 0.04450631610453505 0.05243418886346467 0.005248213953542261 -0.009898375727553463 -0.037155921590241045 0.0024341581225684195 -0.021760246232635935 0.00858792415211157 
-0.021760603806237837 0.09360096893612214 0.013498295883051495 -0.06444320298767757 -0.06987692826287442 -0.04414336740625403 -0.04195935437839704 -0.08834552551495846 -0.03125983224523604 -0.055032287065671905 
-0.059870999113006695 0.017215593890683625 -0.030111038360522563 -0.029928972257223768 -0.05563995873048644 -0.02984742194091687 -0.02824597610008528 0.052378644260186236 -0.057098017222627265 0.007286325805499691 
-0.0100341805074554 0.03947500828530037 0.03817063836804584 -0.036802917580883124 -0.0399153526241785 0.011409540387050249 0.021127326335039068 0.02979494258167288 -0.0010814636181091242 0.031190620599025692 
-0.08995526895545855 0.05594930041107018 0.0031412041576762257 -0.0545301963026223 0.017748723209595706 -0.07600243672708751 -0.051909369489833615 -0.017685070354575082 -0.018594259678988038 -0.08919910623367858 
-0.16909252476634057 0.11798474233133775 -0.10372891526456227 -0.041148325643624896 -0.1263317648051344 -0.09150070825399373 -0.09933567553833093 -0.05920139676320442 -0.1100975750217366 -0.08926611296719907 
-0.04865911216678819 0.12389496936097778 -0.07489798290869741 -0.06507455590777696 -0.09482881464716986 -0.08954087321818896 -0.15792799309371885 -0.01444449335174031 -0.07101882173711108 -0.06728382346120912 
-0.021767214537596724 0.05135971890471425 -0.05544510971176579 -0.0041986411530225975 -0.007899348572967785 0.03934478968791433 -0.0319267436382418 -0.020242679624660267 0.014468126294934616 0.005407624585208118 
-0.0019346851183934949 -0.014830595933763818 0.03997376137623025 0.01316696935118869 -0.00816375615366323 -0.05899674420117634 0.0332198315195138 -0.05640068643013299 0.011525014876954537 0.03399547204211431 
-0.004727428793272745 0.054063893649414205 0.04914910532406566 0.03878345461986214 0.03319136440550578 -0.015417071120055248 0.036900580610414915 -0.03210319722275139 -0.014461216010608055 -0.04704190727828006 
-0.019039702131886466 0.02251006897078829 -0.04813287227919273 0.04741841452761916 0.016594005641668144 0.009549017862588924 0.029377532332199183 0.009015342897829431 0.014447561656771982 -0.04565873682013305 
0.03097588089055169 -0.04724376882048858 0.023698886878174362 -0.07393921014710776 -0.0035598692154747112 0.023641235616489783 0.010305850287320294 0.00933410592576893 -0.060436506786439234 -0.0483321876576787 
-0.0058620140956651655 0.010154209429975875 -0.09884311035768607 -0.1088096317016047 -0.013911829630885882 0.010971301314197879 -0.07444397304493199 -0.04041258140660273 -0.05631664584051185 -0.08319391098299819 
-0.018845500444374687 0.1099256985562567 -0.08658334264394986 -0.09342685740851278 -0.10128106124437891 -0.012634311244628132 -0.1360762355748414 0.006456713991535979 -0.10913833164314977 -0.14835637993971604 
0.02098497223854093 0.05005924911341955 -0.04979471616353419 0.009467373958041042 -0.032591172630880336 -0.02132245771703881 -0.07133833194358397 0.00746828345894555 -0.023577226739130333 -0.05637579532991962 
0.00982847976618495 -0.035304371416248065 -0.018054613505968473 -0.014428932006128048 -0.059607624103722265 0.05688667166375021 -0.047764654884393715 -0.026129628227473486 -0.018236885036066963 -0.05491526214773797 
0.010027708629789163 -0.03501896314361498 0.04609411850679195 0.0368425151832553 -0.0023503746427869015 0.024345770173109266 -0.0012644776425397226 0.038577398415420065 -0.013673192879059494 0.045593268295867975 
-0.01831030524892585 -0.01775346486180504 -0.03494049114916645 0.05597138279452894 0.060802199120397096 0.04556409883606853 0.022407220550899012 0.03739952220942876 -0.007385822125238001 0.03720247036371416 
-0.0013787680437078195 0.013918608738693947 -0.01405251824030143 0.005395558649405333 -0.048892947145481654 -0.027774403000525964 -0.10242508229042063 -0.07646620509994517 0.019869510952632945 -0.06869256263446614 
0.02459963706862709 -0.03815220674670282 0.007648280453468865 -0.01727710749680234 0.047537066806734814 -0.05592983296396488 -0.006673150856881831 0.0580064478388813 -0.008740815808534997 0.009240100737208165 
0.036056118502775764 -0.041451195056510126 0.0035763493067813013 -0.044346630956022495 0.0328383207078035 -0.018822357212160343 0.030514974694059283 -0.025173230418730153 0.053010499694562466 -0.038588806406765264 
-0.10069324427833216 -0.011902727797163597 -0.09557880245589487 -0.047675198076679394 -0.0550616978360478 0.01223880563360409 -0.0960169779563734 -0.03869949388213027 -0.11441425554308203 -0.04251904180439688 
-0.016064204886262493 -0.03810369605234577 -0.05487751750360098 0.05110001659912049 -0.02803037579280944 -0.06035468642031 0.0424768004940483 -0.008183344727617725 -0.007720430660494104 -0.03127723871530551 
-0.012448868773029767 0.0501923581564189 -0.026426661537991475 0.02730198587022438 -0.03672736193764703 -0.04942344666400768 -0.013455411703107933 0.04152106169136635 0.047672789619792266 -4.748774001270273E-5 
-0.0036601344559967328 0.03752239756674333 -0.002360561771520397 -0.062254379926465535 -0.07513668991225357 0.013079732507458907 -0.14843592325686752 -0.05366006711410402 -0.08580998463953808 -0.12803835540035602 
0.029597265159596334 0.03585752104413287 0.016060252571895577 -0.0066758978534183794 -6.201305612291092E-4 -0.051669903460412926 -0.022720052074350763 0.046570863967800046 -0.05151347163415242 0.00965404694896147 
0.04682431638681829 0.03238572034582264 0.003992230280196782 0.022478961708738088 0.007549755862286706 0.03119264631290579 0.05182064782654673 -0.0503656035234992 -0.046822863787396446 -0.018151055172294053 
0.017047647010823994 -0.056208885161656896 0.006694856938150917 0.04195055211834131 -0.010581383045559653 -0.06153203958043281 -0.024424295980652655 0.059794392007912284 -0.04471519366570986 0.06079101428751832 
-0.022789905515827564 -0.05909381208878474 0.02233877923286761 0.023360154525639817 -0.040575957584087864 0.05438005974516806 0.06115381798204434 0.0020204980330626966 0.02106844992474191 0.06187132174070188 
-0.0546305993507239 0.10026652126268046 -0.04031720160215718 -0.02325898499983112 -0.11436785515776642 -0.014353383904093221 -0.11278290203277468 -0.09667518181178335 -0.025033201639154328 -0.10920217168987825 
-0.061390567889347956 0.057777744798022904 -0.02024337527930601 0.030276572483090212 -0.023384947520773865 0.00924350160894679 0.02094008652934746 -3.3069156015238203E-4 0.03233546774628515 -0.05106146182821855 
-0.0794254079043612 0.10421949769029774 -0.055850102514585734 -0.07267310103760692 -0.0733787543688958 -0.06041145692644157 -0.06509873334622465 0.02719790859117268 0.0054166877662468185 -0.10566729520648223 
0.006531770805914976 -0.013622172574213698 0.031130576640015083 -0.03787961154410065 -0.014938867445298784 0.053130749186316294 0.02792110158440479 -0.0354988934163578 -0.06647876023081603 -0.022183243726311877 
0.04375339329088843 -0.035700326351928865 -0.03753888669633357 -0.07703231172937229 0.03685662355838344 0.03584458967759239 0.022473420657653183 -0.05662163137737907 -0.068829656803233 -0.027164993770348828 
-0.06465507211289995 -0.007849213774933002 -0.08169515685846607 -0.0627490290066775 -0.060812426454449287 -0.03109043960147286 -0.15067738890346408 -0.03666203364877283 -0.11435958697466105 -0.09664187727626011 
-0.031123959023461267 -0.054531812671664515 -0.035105201322800206 -0.006757122792258194 -0.020174224041673267 -0.017138761537011743 0.06249451155614014 -0.021907803618251592 -0.012924954121003834 0.05424914952707045 
-0.020338916969024536 -0.01248188504903528 0.01237855038098907 -0.05569868623146078 -0.01355215206316148 0.04736914211264314 0.005650211493518568 0.024316420259981843 -0.03239533666692423 0.018149091929155276 
0.04830398002673991 -0.06185890278552375 0.021888892744198057 -0.007003749353260508 -0.011428283566819242 0.03179672197450108 -0.05126281139891008 0.04086901086974121 0.031223949452091726 0.01617231323016692 
-0.05370669801925763 0.11322523623677849 -0.08439070694557392 -0.0524019173429315 -0.07059555625817356 -0.06824725518974485 -0.15230413622007988 -0.10105029000548098 -0.1506089815523317 -0.1743394110839828 
-0.051843558348845555 -0.011556423426792662 -0.03710717462924461 0.046401078806086474 -0.05165209059827278 0.02382540731401804 -0.019948807842127776 -0.013744687898310674 0.048085363201295105 -0.012946994082996568 
-0.0013490703754071888 -0.05169319436501182 -0.05819866647492589 0.0485953299175661 0.04191395266564946 0.033860288049025064 -0.0031385686635299415 0.04213455356562719 -0.05374693405468575 -0.03040109514937611 
-0.024449616436019585 -0.014648545369599352 -0.027203734165212826 -0.01785954384837225 -0.0016163800570805067 -0.041171191679232486 -0.01187680076288097 -0.009256822935658042 -0.04121893390481363 -0.09548400611272886 
-0.1855058322711601 0.1429347355127904 -0.1224496732805786 -0.16540837131752031 -0.08128941797952766 -0.11877971960612181 -0.2243559070543072 -0.11649025313125194 -0.10182516817293233 -0.24163442518034606 
0.05801548781724086 0.04406491605788888 0.0011341111913909098 -0.011388009544271509 6.836223916984446E-4 -0.05519733565714663 -0.014889194956083486 -0.034406628294673135 0.048769298537623865 0.043642186586748816 
-0.030378287604371598 0.028356272430112014 -0.037010502183726104 -0.06551229699366352 -0.03412928562856221 -0.002563202264187211 -0.02786678829010153 0.005737571220082722 -0.07410745307777696 -0.08726520295493784 
0.027223052760076374 -0.0024889828135393616 4.795536000559292E-4 0.03853743041308662 -0.02542169250051031 0.050015006844012846 -0.04821245546967094 -0.004331184790194703 -0.03137207110546336 0.03433914750001414 
-0.09226461681954129 0.03377628950883068 -0.07587500171360305 -0.08950613030711937 -0.03614528982647462 -0.03715361035797587 -0.038394799890625574 0.022496275342115183 -0.08260556455416597 -0.05247518557488291 
-0.058189730706588505 -0.042933647858061766 -0.0581874075455384 0.02580065651112655 -0.0014333840103627482 0.04683027295387973 -0.060125084899586956 0.025795571165896133 0.0567960985607624 0.03960719436503206 
0.02014203976571428 0.03767173403912371 0.01489350307822116 -0.053248902402312615 -0.05572656305666485 -0.06832384784655895 -0.06635465238652594 -0.07841890520847707 0.020103018959665146 -0.019332908813672483 
-0.04996250779210667 0.044403977593820275 0.05892562937978602 -0.0023366103496926284 -0.05153285913114131 -0.0432344715722608 -0.0041388628649502 -0.042920759873008696 -0.007273607330253209 0.008633821252244562 
-0.0047048214181450165 0.05451003167501224 0.019278825733763064 -0.019288857813802004 -0.01629940675865757 0.05031997973228214 0.060836523789469965 0.0619673560337209 -0.03049141809024017 0.016425066912669775 
0.015063294382022516 0.03934075279850986 0.03980312260828704 0.0472045921733113 -0.05823383538631215 0.010808082317974477 0.05288316640760535 -0.029003448372339605 -0.014625701035624494 -0.012409048268735401 
0.04201398434118237 0.01969018508636418 0.021207483939906274 0.016402368080069705 -0.048021304724118793 -0.038147141753883514 0.024190355495257453 0.04350085285633497 -0.0399656946345545 -0.04470163059458832 
0.006892210524172921 -0.020576114996430892 0.044902036874819785 -0.02415267580257846 -0.05713208416560461 0.033476765802956596 0.014148690411183213 -0.006467305577303958 -0.06838966097749846 -0.028389377059010748 
-0.07384432138485608 0.09767271199810362 -0.009855989290087117 -0.04110362234512178 -0.062045683227667965 -0.05868022605726464 -0.0847857779080526 -0.08051094043795458 -0.07887188253481937 -0.12458450911233665 
-0.13180939435021402 0.088590182219219 -0.07262484544181005 -0.10333678118263194 -0.07217125127999507 -0.031033614692653245 -0.07214548847685132 7.273508252553771E-5 -0.10679703844017376 -0.04342774296521233 
-0.12166619595457608 0.10911177374150731 0.01742568613512847 -0.09631201823527734 -0.041068396321690265 -0.0361698374070482 -0.045695224202120376 -0.06534938730069303 -0.06482204309320613 -0.07547079679036275 
-0.060761706429464754 -0.04032155374007049 0.009677501765012336 -0.02908927520163522 -0.040409541816885025 -0.034621523440866886 0.004210092632226756 0.060580956358554136 -0.05683475732778774 0.018879296670185036 
-0.021262630477178333 0.05847568993083483 -0.013928507941729677 0.026519614114273015 -0.016170404935519994 0.03475949821284746 -0.05092124660187284 0.045723591277890434 -0.002755858908414845 -0.0044900360457593505 
-0.14397618499158354 0.12280698847559769 -0.052897773012939506 -0.15091197054099129 -0.1319369793768393 -0.06853143066355445 -0.14359572877377352 -0.13264515607019228 -0.08950008888481549 -0.1156046954451176 
-0.07557966537802206 -0.02548876465392978 -0.01063917916304392 -0.0929449802676864 0.0213963766176265 0.003635946328990808 -0.01112086469131092 -0.02828706515779012 0.015458012258052753 -0.04856820727833802 
0.013777450008998549 0.0395191238966012 -0.057189575709732404 0.013484413732362453 -0.028762232719177088 0.01098030572133206 0.050012348061464776 0.046866469980306434 0.03884162854623478 0.046790330270935175 
0.031245783550406237 0.05124283101320684 0.022628310915016273 0.018114400194449848 -0.009342242650914968 0.02318786521241667 0.00866273558482636 -0.037691976577598735 -0.05958994536528379 -0.042270430482065705 
-0.04223695763879376 -0.007710713228420374 -0.007170195721257405 -0.002465619051865542 -0.001701100018428478 -0.04991329443749688 0.05625397896286487 0.03198635153739192 0.008069654548868002 0.019466676567991906 
0.008573773945118024 0.024207721890822344 -0.013403526573612887 0.018470476292723956 0.050959867350866626 0.024333592983015507 0.05435414620692425 0.04387297874105295 -0.04591454733137407 0.0031034385470516197 
-0.12985988251769434 0.12151389874086356 0.024437971617388424 -0.06462076563253526 -0.006471274819138971 -0.08164263460362275 -0.09825922482690301 -0.03497436577077402 -0.04688704448339697 -0.1111974377897685 
0.028044469409532414 0.04998370354206753 0.0419900567766275 0.030587290441555337 0.04723426125116532 0.05290198454350957 -0.04052418330750207 0.03989348752154615 0.040881528284938524 -0.04040684269113218 
0.0043074218710788805 -0.04931404320323029 -0.029226437364677886 -0.052124512287447244 0.0309802392215219 0.016497984900313064 0.0032587026629056506 0.04412437688607621 0.04773797694204519 -0.049259378238731326 
0.04940988850900365 0.04536298157421762 0.011221836072477492 0.01751827395665467 -0.0030025699990116742 0.018332917361742092 -0.0037393568262411776 -0.042449526708289935 -0.004845698177559795 -0.027237707277654247 
0.04216218288021854 0.011603647148518415 0.002055398347940607 -0.028957635427451472 0.041174354161147564 -0.036622471113247415 -0.005188322918487365 -0.007758020712290439 -0.04353574899540076 0.035297628808429585 
-0.060892044288141156 0.04640309916629155 0.0043290722887201726 0.055922057055090325 0.0609389881652233 -0.024449759119416437 0.02407178598761319 0.043273427209164106 0.007521592541755265 0.05505574169273302 
0.06580247497273896 -0.023706947963506694 -0.05996699733744072 -0.020922343594956233 -0.03730030428290065 -0.02734378256163502 -0.01187469779968111 0.06030396530474089 -0.011307328912112283 0.006769586626551264 
0.011953524877724941 -9.926110984528752E-4 -0.025914106702024375 -0.01927693402068252 0.041439359830288375 -0.018143039404582062 0.04557726847700251 -0.01140359010717712 0.06071269658619573 -0.05487398648748178 
-0.03368620927557084 0.045831533261841105 -0.05314742237357101 -0.03596650740765291 -0.051987059131860566 0.04497927536455389 0.05044230348063261 -0.05203536406023482 0.003945124846017523 -0.05408639068741721 
0.003673553105110514 4.2048945044590255E-4 0.018046731458041677 -0.044982891798701546 0.018457900884172696 -0.06359183969785825 -0.008519165890824944 -0.0174998882560909 -0.024801207588732024 -0.05507319782566038 
0.010961157088738807 -0.04927710745448792 -0.05770831409002471 -0.017852256283527754 0.039681549809379935 -0.02921160133291524 -0.03491270427224501 0.01787806938179498 -0.05232450132247128 0.02178678214042086 
-0.11284986832204397 0.12308882415194 -0.05252091053645547 -0.11064069283761112 -0.01866032651476111 -0.03108504545149728 -0.11537378769983457 -0.08515631695072758 -0.11848940659687124 -0.11679492639966468 
0.05471747048680985 -0.017403841723860412 0.0343441296713172 0.02292637651041194 -0.01360170491767871 0.033679425304463884 0.04111182930609367 0.018478038155348014 0.02050203687929597 0.06106518547542375 
0.03027766366986865 -0.03309772553241652 0.013653050842513833 -0.035273938086978554 -0.009256323790298632 -0.05261214209085503 -0.03219803844007605 0.031580495752581025 -0.00852141873030296 -0.09384731073412837 
0.00416797121767823 0.02104768229664638 0.042949385023907063 0.03940696209043744 0.0170100111171876 0.060997707553758614 0.05452106841246614 0.046053514359421614 0.015139034517214326 0.036676946010850454 
0.03760932766436076 -0.02554072231392389 0.02650732985070367 0.018413489970462632 0.016492293763271104 -0.05356468840348522 -0.005376125194410997 -0.007132368349535442 -0.01913451749289974 0.015656336065800025 
-0.04977882783764273 -0.03617422532164647 0.016464727636734736 -0.05060728442496804 -0.04604011735079778 0.023648702975583344 -0.04020524207117621 -0.010648251483793949 -0.038631972668784896 0.021260816539334346 
-0.03279482706025809 -0.00241651524056119 0.013174066333039969 -0.04499662455161192 -0.04966925753021624 0.028498159449708238 0.061484700955738644 0.005850746590329053 -0.008733510889249355 0.014871291627339717 
0.05486111610783996 0.052621503632931346 -0.017097587452847743 0.020219966778835197 0.020143738749380885 0.02088526384841781 -0.029109723987209138 0.03922961908852819 0.007529002740429169 -0.02476461181749115 
-0.10533712925518939 0.07840679402963248 -0.11369077228024312 -0.07858685727027756 -0.12832761763977096 -0.06933515531235682 -0.13984689883045498 -0.0466468508222952 -0.09389195369372431 -0.1892015182587025 
0.0051819072114677334 -0.02040924945022667 0.027314448195692398 0.011789639286389486 -0.032628957021549825 0.01582528299173743 -0.06600276479176534 -0.06212804667342744 -0.031180248832216307 -0.07017382400343886 
-0.09147764480158634 -0.018536770328668985 -0.10752143204440517 0.3250577902683766 0.0037821629110512136 0.03967894740931062 0.14443427152750088 -0.388537456036812 -0.5170506911669421 -0.16884371938279927 

