64 10
SoftmaxActivation
0.012350428783278718 -0.05529609644402899 -0.0072644701936758135 -0.048110667733014485 0.11100276219631774 0.06404049966135711 0.15068318536746408 0.19171031657819856 0.042519681763174215 -0.16243285616388092 
-0.12047536769513455 0.26848362824028665 0.08909903131074148 -0.06912509235280236 -0.06396076485014522 -0.08504157894914965 0.00233139799667821 -0.041801855072839594 -0.050269612491951846 -0.13782861683660694 
-0.20754734951247114 -0.09534160345111128 -0.1418702132409952 -0.28570207134746234 0.37413304536187036 -0.14899872256150595 -0.11015679438060469 -0.18773362656386028 -0.11309019487898574 0.027145896915290513 
0.14972522644180353 0.3435062190607247 0.003322087096279749 -0.00621676202804475 0.024266631663804182 -0.1535385175105357 -0.08788921022342895 -0.042236106481782915 -0.1284940876198476 0.1319228361699876 
-0.1313056032292016 -0.1827916016817162 -0.07914459593492822 0.06042246858405747 0.006082885707858597 0.0790333087861091 0.21267461091516876 0.11208385678978075 -0.1854845746574943 -0.011784679792592546 
-0.11636425840333213 0.2163860742061114 -0.051235284438952186 0.05551996543987407 -0.06606578179983201 0.09846993851935976 -0.059686855796986384 0.02237958167144917 0.1102506873414311 -0.16052762522809483 
0.009795487799097056 -0.0749071229545068 -0.0465125158176565 0.2256809890435927 -0.09959795450639648 0.0429357617968868 -0.11621862138022755 -0.052217118503627105 -0.23016098860603515 0.014817795128755749 
-0.11213545543869151 -0.1394770381144818 0.1866889325108112 -0.13938132452999172 0.17574416502535103 -0.12865955966867176 0.1943111462514767 -0.0542784052969592 0.005846275514684697 -0.18208085808240204 
-0.09066567275552159 -0.12218962299944723 -0.09856251368432607 0.31081036291666375 -0.14660889668183125 0.3813840131890721 -0.022534451319213215 -0.14950925478188293 0.11318914308144297 -0.053358272908287645 
-0.04749569661596018 -0.23142073996631995 0.3306762716414873 0.013329067013850863 0.08776238697963279 -0.053456127222017154 -0.07153205596217552 0.12437838525535912 0.1612656676046439 0.26342047788673917 
0.14943116477680424 0.1394607254217994 0.2114912859304308 -0.08700365530913133 -0.0964442779810999 0.0038884437580043573 -0.08878562588889521 -0.007552335816111246 -0.044563157004424425 0.09735231253763117 
-0.025247611820866673 -0.10474304511602198 0.1336788398716687 0.013679317735035107 0.1428290245607994 -0.10268354183163787 0.0883916720343565 0.017347366084895385 -0.20962655197406657 0.0051516683777779945 
-0.051989560979277934 0.04615422820620787 0.021376767297587536 -0.0029957797475481853 0.23847262610502065 -0.06187525580166063 -0.15748901215410502 0.09572034775875116 -0.1037451663642732 0.3339853491851739 
-0.021512970817114934 -0.20546986045573695 0.29402912247669294 0.18921742811312578 -0.07946269793276887 -0.09116203332838206 0.1435320678861396 -0.1548171863675304 -0.07294656853091597 -0.040160385062385826 
0.04380699360458124 -0.033209058503014546 0.058426717056867895 0.008690582755326401 -0.09004338269611264 0.1178069971681013 -0.014376620889071325 -0.06621818499509453 0.017389580000832086 -0.0255425769193026 
-0.18908675071735448 0.19502010384184715 0.017210523124891283 -0.09785815096769186 -0.05029072282662657 -0.07637388727302732 0.09957508592194939 -0.16360662199797965 0.07234986870864749 0.17657001782832288 
0.16231133221097152 -0.10668636135708796 -0.08963529186908695 -0.03227108245081984 0.21709603904267963 -0.010450789662523215 0.07997182455076342 -0.25003908243023165 0.17016264131509304 -0.05484811680160159 
0.04537466074093689 -0.2254240375521803 -0.14313790876243454 -0.3148168483948614 0.03748795884743688 0.21586379164976127 -0.12746482537828915 -0.028437678158446056 0.4017530275917498 -0.21250608068344748 
-0.1146175481026456 0.007334944601950516 0.004884847277945514 0.1844655579497985 -0.17091510392497308 -0.0030966416646517458 0.1150961325729572 -0.18209077594506964 0.15858579946298693 -0.09026838665881895 
-0.029690901641033007 -0.32840616734477973 -0.15690625949227596 -0.11137742606261442 0.12638226995470905 -0.1126138000314654 -0.06963299693370484 -0.031816063802763105 -0.10360744210383943 0.3414886089732228 
0.02530560733006292 0.03951363666333066 -0.178278602593101 -0.01263042886888151 -0.05113368714188988 -0.01797527447192012 0.3326807160290803 -0.06373364095048364 -0.10630092394516619 5.2311749772102E-4 
0.018832403783662945 -0.19946024062865308 -0.34718756309375665 -0.1099945057514492 0.016784403803308923 0.22799714764275064 -0.0449761436886501 -0.07401818894100214 -0.17913247271584595 0.21923235252948173 
-0.1539596738298086 0.051415174844552866 -0.0801791081582137 -0.11681711250038085 -0.024984179559304334 -0.034632048519313174 -0.07897984642446342 0.5686575834707792 0.04236014044837582 0.020332271843574834 
0.10040201063285872 -0.10314736374887089 0.26090259509853575 -0.05845643467563717 9.367761810925601E-4 -0.1556180671964685 -0.04427823612701474 0.1826086634132907 -0.006866651545172816 -0.11625161863112148 
-0.016033996769263554 0.07129601645321387 -0.10505677263372529 -0.06933126334134747 -0.33195035181402366 0.3818687478844318 0.10848404989980273 -0.15505005613173592 -0.11085822719980185 -0.14452847434809798 
-0.2749966708518299 0.11493089530150193 0.1340701703324828 0.3397408716715845 -0.20797233361176043 -0.09222373908335763 -0.22027812872217975 0.05938234528617458 0.1880574606323948 0.002105041888939852 
-0.0011154834239108682 0.10729894365360043 0.06161503961337861 -0.019783922944443918 0.05575906496084036 0.07274841778493989 0.0455322229560728 0.0630923986765457 0.01848037273113083 0.08085231827312885 
-0.08222390022028009 -0.10294252913299076 -0.057056545353315155 0.2668325452670786 -0.1571054533349599 -0.13689060918305285 0.021959660388712103 0.06189024462368873 -0.01992601891699178 0.17375934160031253 
0.013089947032202454 -0.1631048679959271 -0.07891319185739255 -0.09089223957073687 0.23659466853422667 -0.0025665916400103377 0.011165745289378514 0.05245966051204985 -0.15469595530410252 0.07449666785346787 
-0.010684568895707533 0.02396680533217025 -0.03150202133944413 -0.2985898607029711 0.07213033728540866 -0.060245713407427036 -0.01392321737301346 -0.06517473329133289 0.22522772582069647 -0.08206299172770276 
0.03404260857484454 -0.04699975593232546 0.13267294252934242 -0.10574226223088627 0.23197078476965902 -0.06737405559704153 0.10116949256528358 -0.2142859380033364 -0.1532847266687363 0.22898957875615183 
-0.18685484443135145 0.012245264890980595 0.14334827548701162 -0.28857491862192974 -0.28608482599643287 -0.04507919584860779 0.4977438963143968 -0.06014631500950401 -0.03316829739161566 -0.2563185147960029 
0.5461103358403964 -0.10290937685261718 0.05217635619774656 0.009826730594238392 -0.23363971946017595 -0.15816132550910736 -0.06025924987377184 -0.027956657293514577 -0.2704397896809114 -0.07962043585765026 
0.003058925420477748 0.0014359011924790506 -0.049507613526513984 -0.2631959411531861 0.18347316251542434 0.026848961874661157 0.1961782222018666 -0.06610254968906008 -0.15154833725882919 -0.03364458288751873 
-0.07365607772697931 -0.03771846885432598 0.14770896930096347 0.1457842313778549 0.01781888277745787 -0.02884466241349885 0.0015555830306249953 -0.12088924572208773 -0.02300291801609456 -0.08329475804842983 
0.04928618373319075 0.0018149983058494234 0.06100062184341218 -0.028804311137331153 0.1760982355515856 -0.13022511756486546 0.10595569734613644 0.16526140977820455 0.010950530204409788 0.030634150850281084 
-0.025988976632384635 -0.12581427728957822 -0.04843580611068861 0.012377141846982742 0.20141971496284994 -0.10917659526729133 0.010168005237916923 0.08591095038759364 -0.17027908768049244 0.11379569334660818 
0.057574694568310034 0.09776803194990909 0.059295957226312854 0.06462939018261209 0.0396970860073169 -0.11621433695280314 0.23932986706845344 0.04861938869274139 -0.07688635484835181 -0.09256338289266705 
0.0057211835772743155 -0.03370908274191359 0.07909576628245413 -0.14141152390458855 0.04478004362349207 0.03866935364064846 -0.010764274965065804 0.20723860621357587 -0.09790840872038428 0.19787163354288292 
0.2428296227629351 -0.14522771630052672 0.2527830603585132 0.05178452957241888 -0.1818945920992379 -0.038911103083920845 -0.23221272681927063 0.05351434375517579 -0.10559442445628926 -0.20998322597233288 
-0.28592687099853875 -0.03378086222874989 0.5252085228017955 0.03732894055678766 0.04207572186526492 -0.12616650399407747 0.007982890208643179 -0.08598012891605408 -0.3210689394715624 -0.009821488098530234 
-0.0288962756488992 0.4624710394114642 -0.10936579514284196 -0.18353593484090724 0.11957198673390378 -0.03736782239951976 -0.032817743493606895 -0.1321977694097857 -0.008815417681301278 0.11165969346106489 
0.1411231962054163 -0.004775029809971191 0.011816268672516455 -0.04268963922024346 -0.08252954359782078 0.16646535451325808 0.2677192226180815 -0.07353926767122022 -0.03185860717227688 -0.0031557695936773092 
0.3151125294122126 -0.10682823663021462 0.034901481140571455 -0.09961571741863189 -0.06043878524684786 -0.10642337127774053 0.1174982567798383 0.12908416918351265 -0.19002065781901956 -0.0567688508288864 
-0.013118122979550721 0.0694491242170722 -0.1352145792438905 -0.05040180670128591 0.1849772397124126 -0.16817649733985127 0.03030919447546407 -0.16506023028318603 -0.061191745483579536 0.08770881346446513 
-0.011097508282983193 -0.051640953827175845 -0.002725814660750992 -0.08701722720868874 0.3313840975753727 0.09665563592051428 0.34051825500278604 -0.03329078406775775 -0.18857919697065853 -0.08921272391593532 
-0.10266839763907168 0.19488012380090508 -0.25895926278057146 0.0690068526621758 -0.174217792158786 -0.0686019201879758 -0.028681982584120032 0.07867668365713583 -0.06698775619931166 0.2786771883018808 
0.14805886912724545 -0.24047298631917538 -0.03553382443565841 0.028791669252654663 0.0792220958774952 0.36607091813881987 -0.17989359087340126 -0.13096993179476163 0.06640429225528434 0.08234942769830673 
-0.22216618292297455 0.03095455763493583 -0.1061806474486287 0.012524173897508718 -0.10987501455744933 -0.23916270350385635 -0.16068365130721599 0.09478905206339376 0.30350717269870026 0.06997693767187986 
-0.20634165495820683 -0.16489987689880586 -0.2344488230051222 0.06004687521434588 -0.23363968175874253 0.1124604896316508 -0.16761254741955162 0.28151842607628763 -0.11381172720848291 0.30191336201371877 
0.28275124509709965 -0.03284646471586425 0.04841769876934109 -0.02236014400061275 -0.044118359622970525 -0.12771439605451793 -0.036594825138351356 0.38146073522308943 0.0060141155886727716 0.0016916558628995433 
-0.04032228798504029 -0.10107467938124383 0.13651106289457834 -0.14195154304763935 -0.17961929011426053 -0.2249016051922011 -0.0729119578061339 -0.15634024018402495 0.15042785662455246 0.11613852744918503 
-0.005105618476034009 0.4603630261521147 0.027831903191408085 -0.09594533907466359 0.12443061227126914 -0.09877476266884304 0.05403532384875753 -0.12111612403793914 -0.07167149165254787 -0.004567385162396918 
-0.11059543310936065 0.15131414642117963 -0.23830346071749578 0.36420478850476334 -0.0614423197064958 -0.11611964486689093 -0.21711593085202827 -0.0100458148231081 0.1200916378302465 -0.026255276740660728 
0.1648574738521333 -0.01268404756050433 0.04176240772587114 -0.08862494502943073 0.1554325047048301 -0.030190389610214634 0.08365667657060054 -0.028220210849222955 -0.22570076337121647 0.14435246863072076 
-0.041260942956219314 -0.11252598209500234 -0.059081408260965716 -0.018249539555066703 0.3496568997313234 0.21578508815275996 0.22320816135333402 0.1453259546303441 -0.09713243117486955 -0.25840006491886336 
-0.02325223109739544 0.03226924678302062 -0.09525570112176134 -0.03929695417279834 0.008566383459162094 0.12842030970021587 0.0355056002345131 -0.03492739200996685 -0.0017290616997334216 -0.010221072239529113 
-0.06333677636612761 0.021174785798005157 0.07676483454641758 0.0677853975256805 0.06554260281988386 0.14047876303370405 0.014215433122988364 -0.03389368139560413 -0.1347414504935188 -0.02658020369158862 
0.06926104883763286 -0.11296590585845429 -0.013380668590960406 0.13900497073161805 -0.017641832454303567 0.16980058621900243 -0.0633585034047005 -0.05309306650150354 0.022633869125984845 -0.06967612998975165 
-0.09141093170641208 0.01694532305910291 0.05023538943929634 0.11963300699515063 0.4162580801898003 0.01740248057810281 0.005770005580143257 -0.20259829860085138 0.36940391075616225 0.11859162233824276 
-0.10608909449352333 0.2739177533289298 -0.009215665497136556 -0.17336628818276983 0.0720061793751434 -0.14464189316381038 -0.1910098003071818 0.3590164551079691 -0.017780381982338524 -0.05607539052510675 
0.15520000167245612 -0.06554677377805748 0.20695636806068987 -0.23484994597783374 -0.138103719269232 0.030428203366465373 -0.0406084881228157 0.26939575017608897 0.16113491869502253 -0.11847245995275198 
-0.10588241905564542 0.14127857555244133 0.1895864272610621 0.020290788825421683 -0.092733646785789 -0.2387584247883826 -0.22751065096842307 -0.13748099061374464 0.07426513441186668 -0.157415174943181 
0.29326504037712087 -0.018717001784296253 0.06054222957439229 0.11583948512147306 -0.14824397324351204 -0.04506123996743457 0.09213382693454233 -0.15685034585415353 -0.06944484388413433 -0.07074050124972897 
-0.14031679330689154 0.12980458051260416 -0.04345711987700472 -0.040054231270910116 -0.034242872831074 0.17308797769260048 0.014278998852420828 0.08479238135105913 -0.12180798977658244 -0.022084931346220953 

