128 10
SoftmaxActivation
-0.07686158835941181 0.32776403334023996 -0.45091242725292324 0.23683293237816194 -0.3819405677752564 -0.05846202072994544 -0.37287528181823626 -0.40926482910269446 -0.22755244032299804 -0.30312401078141227 
-0.46585955379169697 -0.3447406781363396 -0.026893099622023242 0.3043839459564781 -0.09580601503045583 -0.05410141486743658 -0.25897671877740347 -0.018976250242903836 -0.41844609214910977 0.1920575717336216 
0.28635794869711806 0.1958423236421365 0.17598156268948362 -0.14535233955575877 0.08747784894925092 0.47323474163033186 -0.053295121012185254 -0.39605833482564823 -0.43861289647407664 -0.2198605515661104 
-0.13503316318800418 -0.301363318886935 0.45327542251626785 0.36047711314131603 -0.4189910037563852 -0.3153879053644806 0.21450168968499383 -0.2516911122265235 -0.32142250215925605 0.3406598171213955 
-0.43881889757566295 0.09060423246370142 0.038514930298516714 0.3385024088284486 -0.3903526272942529 -0.1588279312818065 0.35272856714991985 -0.34429649487967495 0.47041178222255886 0.34922320166672927 
-0.16919813292974206 0.38261452912130345 -0.05115670233125491 -0.14080357170636515 -0.076257606710598 0.19829074605809516 0.048644884515470665 -0.03710592406740032 0.45283645005341777 0.45534818084232065 
0.30330335154022037 -0.3993626623934796 -0.12369341755807717 -0.4899771915953306 -0.4289588853542067 0.29506588505472997 -0.447554483936318 -0.33876836352847595 -0.179600218397289 0.41936969750305164 
-0.23487434675006869 -0.17877482926290889 -0.3935621237066159 -0.048844263155400136 -0.033939218454178466 -0.1695406975034044 0.39162516788242385 0.3438159715508817 0.15792267189112574 0.15060360240239445 
-0.3991308822123364 -0.14082287811259941 -0.40660832986822126 -0.4778571373744025 0.3167093025442026 -0.0516233341111495 -0.0025525153652120602 0.05681670193263699 -0.1814318434835428 0.042324004747991695 
0.3336826695756411 0.1501819934199573 -0.25095283957876646 0.418769254312767 -0.2698526656286838 -0.45412860457415005 -0.4493901760767781 -0.3500835142087453 -0.4437885092917184 -0.13933914904965028 
-0.04240601534085442 -0.4973176446464831 -0.20084358870813634 -0.11175282932490838 -0.24865234853884455 0.06311476027938046 -0.17231587403419735 0.03967690333243423 -0.3096159483787535 0.2871508691431316 
0.34926045948660556 0.349655765326237 -0.4871967925940415 0.1418071365584357 -0.13081698692066157 -0.4194920722345311 0.17482916138629268 -0.005941350142900426 0.24149286297867212 0.08934231581468743 
0.03716288021265224 -0.0709211525526734 -0.034675114231911164 0.28902379908482356 -0.46004681298246164 0.23517489091513377 -0.2749818980057285 -0.270165828728427 0.017539106559515183 0.3796676774118277 
0.29828427115398215 0.056249030012447965 -0.30428117420799283 0.4181303889467417 0.3639592935586845 0.35204380383272427 -0.4128480567384316 -0.07118764267417166 -0.07066116423976943 -0.3230174216423961 
-0.045396883463268534 0.24474007977065204 0.06682562526226632 -0.08036806241540029 0.24708725849035595 -0.03209928947263663 0.4005931433091996 0.44338084409901746 -0.0694226478291583 0.493077885734571 
0.31619629942859173 0.38653723072289947 0.43278785126438046 -0.4566769972173179 0.1795367803126997 -0.10758948683820924 -0.49935154921085034 -0.4752896205769662 -0.05368300230544565 -0.008421389193692175 
-0.37056621790247535 -0.15506267659627404 0.41909321150444445 0.33607708886384235 -0.13588268247143898 0.20849539993737154 0.06626514795842742 0.49403672434096524 0.19636800770297913 0.3005528748153654 
-0.24418441812189773 0.053335685888829865 -0.015289119426648679 0.2023517169736243 -0.02365958651236666 0.35412053352288886 0.3107237591021992 0.3428378115532521 0.11888587953475305 0.2725901736294828 
-0.049256167270461004 -0.21559377092028797 0.17533645517422847 0.11222551392336022 -0.3095901471060387 0.16505737932876385 -0.22742664427179116 0.323686819075206 0.03846648625290938 -0.32507506712127776 
-0.19364978463350357 0.470889567900886 0.006610039756912767 0.032049002592482556 0.06480884728001002 -0.4116909400197357 -0.486245115880369 -0.45956633464811136 0.13878518404659013 -0.16664712344324872 
0.1459529748214582 -0.03715951898538661 -0.39546900538989715 0.1276791487044776 0.45729935935718125 0.12143516144192579 -0.06579521597609217 0.3026281700962222 -0.26749145109407413 -0.14868263038092178 
-0.15953929001763345 0.1164733645179602 0.14844806560413282 0.17512851102667726 -0.20630813347243615 0.3949872892351284 -0.4302326186803035 0.34134608296930546 0.26396003077202823 0.46185675082867217 
-0.20713866475960796 -0.3254627181477381 -0.16562888303068768 -0.02822926641928225 -0.0872405707049263 0.022758671482577153 -0.2913681162825137 0.23654373984819022 -0.37086649998485144 -0.04454734675400207 
0.2927500567864827 0.14342592806548649 -0.2695320887464502 -0.2353942120807877 0.4693165745886153 -0.19520902866824796 -0.30046188752948644 -0.24740229946158332 -0.09746471532590972 0.14968108962738802 
0.3686949087501815 0.2520838442775145 0.21314177510323318 -0.2297715779611753 -0.17994695337408417 0.3164190483547771 0.1445800379964528 0.46976026875293353 0.27353501566507943 0.043542869690180064 
-0.0947183051360665 0.12443520470431202 -0.4651784273165771 0.05191235308035902 -0.2833806622921332 -0.3334536785832839 -0.3143870251973655 -0.2860189676998073 0.22208221759754276 0.22516619041955654 
0.09020574265802539 0.37088769109891373 -0.1795511055697787 -0.28140202537026027 0.46524181202851633 -0.09856759723287423 0.17420787573392305 0.4831358355649932 -0.28641169164707625 -0.3009189774640937 
0.11420434449090788 -0.15607317529132836 0.45865762417190215 0.32265388512897497 -0.08753293737323276 -0.11373461045465005 -0.26792057337253206 -0.1704817831121368 0.4273965539846494 0.06944121378935963 
0.06548725515149179 0.07451779581289664 -0.06102818906147511 -0.2597004410045497 0.31628444043301385 0.06353777301655428 -0.4136402093693966 0.049962577827576404 -0.08239479718271991 -0.21248376741319108 
0.19628812671017204 0.25469933369873377 -0.11571119570016708 -0.1691216004856423 -0.05223155066569862 -0.10927904915998998 -0.1704642549025165 0.44778346837607286 -0.24276650178939285 -0.14728330029073777 
0.451016733322982 -0.26976218111246253 0.4878791535775193 -0.022764297083799567 0.43055700792220275 -0.04595721259130625 0.08797736792071142 0.3345579076664239 0.45811951767040027 0.18170907332248665 
-0.45484593989332844 0.06648768266438199 0.13866273254521966 -0.2741162472559022 0.10710141771485027 0.27254119315645864 -0.13045011950453766 0.13250043471134942 -0.4360782505414291 0.14328928120618645 
0.38653823376751195 -0.07022364009817106 -0.4867247604719781 0.2671554755489831 -0.4320213583477778 -0.49265469153921737 0.436732028983044 -0.2042416723871564 0.25970686547742705 0.1392282221074138 
0.1042041894173622 -0.057073702758910994 0.33720999804035057 0.34500831571665436 0.29306081483441004 0.1138023999530624 -0.04299699927663725 0.4954911152118674 0.05950539218698436 -0.1870051035621566 
-0.034248607594643876 -0.18770619803258826 -0.1679786772662375 0.3645194543946475 -0.2664718517923014 -0.31477699454965213 0.41016823999944674 0.39131707028253504 0.25669457199374 -0.4630369315823757 
-0.45326209466258394 -0.051578591315902145 0.2362458473393756 0.30151210416327034 0.1672555682096638 0.18138793753233273 -0.020936019747976875 -0.04903350786195404 0.4380386989582332 0.39038661969914634 
0.3923724778239317 0.4046686032588077 -0.16749811090254263 0.4203986987991556 0.045788434768786135 -0.4146030866599094 0.065123395123451 0.3692475412211985 0.26071924594877904 0.34919120923479785 
0.2634647698770137 -0.2922680717654851 0.45345291265149745 -0.49142958147183813 0.030862411474431695 0.0399201349219801 -0.4938575835126958 0.19331377936169492 0.11588569840654384 -0.10329867668522619 
-0.2310139238376997 0.3486407861190213 0.2493834571169905 0.15198065760967827 0.4072575366673171 0.25753915549284356 0.3359166794386015 -0.12155745653686756 0.19844035235395519 -0.407846030849204 
-0.406397778586857 -0.2814031030822133 -0.4424258674684364 -0.3514342252248054 0.42486882287797145 0.1368609524060751 -0.47697971851350407 0.09994862090049006 -0.22964700494159185 0.23971927731626297 
-0.32979293627991935 -0.18498616764822362 0.449139219041648 0.20354297695697465 0.43751585110824676 0.03180920939595244 -0.4792243977417767 -0.2665613074386298 0.1463207413306281 0.4513568062970389 
0.01797202711168555 0.391536785365881 0.0762968211544025 -0.37872226590825153 0.4936151308504406 0.07941697075155174 0.3174625364480075 0.3164649187107068 -0.29828936943100937 0.43690921399502636 
-0.23797577204440346 0.4920304491338552 0.38909022078927125 0.42829644812610046 -0.4780583340451119 -0.2168333066114494 -0.3868034749714868 -0.07301543649731179 0.2622356313032037 0.4572257331424965 
0.22098673311377448 -0.31900522615919324 0.42540963734579107 0.1852346848068076 0.12497150169126359 -0.355828186684669 0.0889598826818706 -0.006770661425311464 -0.20536740293083955 0.291791086581222 
0.24579859131091553 0.27820190391711286 -0.05506066427400125 0.20428650887001887 -0.3734818796229501 -0.17087651902922762 -0.2515897224756054 -0.1008898751680245 -0.20722605581357567 0.38041503784041564 
0.02314319261871267 -0.3817264350667833 0.122667045239515 0.3434057552773472 -0.24353684045672985 -0.46208971499708784 0.48185725925593925 0.010730683482934045 0.012314879846391125 -0.3437629020830605 
-0.17175936107775203 -0.29071566789969916 -0.25974805792484956 0.4375818390532018 -0.26662400513097617 0.08926092313062262 0.2548525368927741 0.1426837316640429 -0.17955330125335844 -0.020024556567908802 
0.1866174195789334 -0.34073821970039886 0.41639588699804997 0.01757452910043278 -0.48111736980773356 -0.43811454762928603 0.29497440316747314 -0.4445902626331538 -0.07999407018904414 0.07647138239015128 
0.24779272595793422 0.20475987963567877 -0.043937280640130916 -0.3977316099372723 0.36206927454301097 -0.27824654080662803 -0.07348654829038392 0.45298269426033233 0.30661950097697876 -0.14424404491982357 
0.003781256174042902 -0.48126627104660114 -0.36826852249177144 0.2051508968186051 0.07740510099401188 -0.37817954906627216 0.07392508374743523 0.0883578168934348 0.20441047288844627 0.4418169974399264 
0.12319405062548539 -0.06890582542853119 -0.1502343576690759 0.019305302609256336 -0.34181910596939624 -0.3046976500543025 0.16426885230745436 0.012591917714315004 0.28383712136935946 0.4308268705925721 
0.39193783274266436 0.07804484934760325 0.11647184510495545 0.11784115494285485 0.12494939266359595 -0.02777470328642828 0.15269444134966814 -0.41381261460248087 -0.468595449613752 0.2327788382843261 
0.03160745333854664 0.447206244760154 -0.1303304586663745 -0.41491118198960353 -0.04629161131308812 -0.34570123221273363 -0.4272289907136515 -0.45701562261708417 -0.2446901507415319 -0.4796247994332725 
-0.0627002966646385 0.024334402633579444 -0.34611020320408215 -0.2364892754723812 -0.016496710176025386 0.186147783425609 -0.022365507557790543 0.42654177679599625 0.366726071982139 0.09883919958499787 
0.27153886825062723 0.322000408212593 0.3150795377173934 0.3256092386301981 -0.4672197543527018 -0.009301426408937052 0.4442041288434623 -0.04957377415808317 -0.030316727784516884 0.030438268527284484 
-0.0427900951649538 0.10688625519244543 -0.3985552777371991 0.05073735599822038 0.17635913408341208 -0.3997325606821974 0.21988981077623193 0.4401248982232927 -0.42721822915850427 -0.21361739356991305 
-0.2801187131724374 -0.4055258473722486 0.46149000647945715 0.4733749590965477 -0.4283940014752443 0.24800544959498527 0.31118607314699265 0.246388641871645 0.2558140473818693 0.07300460129643482 
0.18183241500432423 0.2800870748522878 -0.1878125584581528 -0.2300322758669916 0.1476814704262135 0.40027935439339335 0.2613670182317308 0.45679617518203586 -0.31056222815377976 -0.11654494965764994 
-0.4472323492948098 0.2838302056695198 -0.05354787007614359 0.24181654143078568 -0.13683648377901314 -0.1490763861790365 0.4083241797180589 0.031436982905903355 -0.4748735488620631 0.18342613224097148 
0.09501584146090314 -0.45753889200727227 -0.4002474721160192 -0.26414650042462295 -0.47444447585791494 0.08280526774823493 0.12471297452463459 0.1351903612706573 -0.19236171438786043 0.4506019503625508 
0.36651761138510064 0.15018443056079522 -0.006094871361000509 0.10567344465548378 -0.0150200898000461 -0.32134551000249867 0.44540995780306414 0.49660760977509766 -0.1217746984140673 0.3817491553435838 
0.31876005174926714 -0.02245092722269748 -0.38181515472522176 -0.037742708772892875 0.45064204518335493 -0.2423932450258307 -0.19063129119380307 -0.016515378789525026 -0.1480775934371905 0.36581871659608467 
0.4078152579463976 -0.4441239023051027 -0.2567627709661956 0.18590419702980343 0.022462840034952913 0.18047632367123745 -0.4350361363588501 -0.28242876576518927 0.4877933444346556 -0.46851424446689205 
-0.32330801476462845 0.35493821964815275 -0.4555521229493682 -0.015416621616774484 -0.47521022983772265 -0.3623341986005614 0.2936166550949243 0.253351249518046 -0.0986136369921573 0.12668565268195076 
0.20135653042444757 -0.4169497513264878 -0.455931274202668 0.28395069074453816 -0.17940866145205503 -0.4308398487972045 -0.26718229731195786 -0.005578894626317221 0.0714018752290978 -0.1824883532951178 
-0.2708156612779802 -0.34146066318435675 -0.12568642550335896 0.3435014918006807 -0.12756561548620815 0.10473622824590745 0.16664177997672747 -0.18020334677990368 -0.1016348114636233 -0.0759503755993648 
-0.15144393887483854 -0.47490321375842137 -0.42127399787166386 0.21272574054581128 0.003376342058644899 0.12093856646012513 0.09264916070224283 0.12371290809188684 -0.184284512072447 0.1891900561355495 
-0.3637739695803103 0.07424593569624771 -0.02856562584446043 -0.20020366107375154 -0.3476613960448376 -0.06574114264632369 -0.035022892647321946 0.24650255571413293 -0.27991655153515105 0.029152453814408896 
-0.3374946078564065 0.4876942541427477 -0.41839762155747784 0.33048249333556756 -0.3266468815762612 -0.23984122718770062 0.003859349940423029 -0.22057688429323197 -0.4323268286830241 0.2954859181569265 
0.17388120879174007 0.29039948937452353 -0.2552494191617468 0.06198989324914217 0.10820500922020515 -0.38392769807236493 -0.19569271580078673 -0.020551311058035093 0.12075244711322064 -0.08010375701251704 
-0.3977744049414158 0.10962095049301135 -0.26192251232469643 -0.4012367996988131 -0.21753114187272427 -0.08758498667988701 -0.4230894069133362 -0.37421930556038363 0.4685795637564184 -0.22425212867908295 
-0.39385093786716097 0.4420239212065763 -0.02901348860454489 -0.32345309366956243 -0.09608027171049305 0.21614039223941328 -0.17954587143973944 0.011010751116612316 0.4900668356803104 0.11197385618004319 
0.1733592053317783 0.3441595434697299 0.06539430877363472 0.056913892404524935 -0.3489191715626594 0.07186956206660178 -0.4787814032952037 0.38746673361905115 -0.026358095961197092 -0.23699944909192516 
-0.10373578772118297 -0.33641837322893564 0.3268417532840343 0.2548885906455848 0.05266135340932243 -0.1104438563546567 0.262470369389608 0.41239120997684864 -0.28121919553602703 0.35688303499544594 
0.0727976637392872 -0.17116425940464763 -0.29613130834805423 0.33319038079271146 0.003381348089275149 -0.35336451697218707 0.027919615070918002 -0.13853458248136863 0.37233941121088787 0.10600303504155095 
0.4299532119865346 0.0050421903118590405 -0.3504154694532631 0.39210351654532516 0.2188365895673694 -0.023628643704071473 -0.18388075911221047 -0.15584527037618712 -0.2869796944904971 -0.27861962148314023 
-0.12865767769954894 -0.38560427022398813 -0.42096645556323187 -0.30372917633611685 0.1854182662137429 0.4205087518854782 0.22330954674321934 -0.23011110468266494 -0.4958862146089641 0.1219936604701839 
0.017889575594854934 0.4123440587376084 -0.19489406981436364 0.4691585717024035 -0.4522199250809392 -0.41065991140946956 -0.12238096370651586 -0.47719619734078844 0.2562142045627537 0.07172154777692974 
0.45134831564651323 -0.07665925138949714 -0.1662043318038786 0.19102805891237973 -0.06401974336358573 0.40000098804274864 0.4484788852166277 0.4243875231908171 0.3492209932767927 -0.34604461252861074 
0.44556672409415743 -0.42413122295116445 -0.1909043594261186 0.023577031819961514 0.46038303572327177 -0.26354698785532404 0.04538309809030883 0.14574496440259743 -0.018995708116767873 -0.34892738294492864 
-0.2545975277098914 0.16400148511129709 0.2744106000835187 -0.40129529212105974 0.19096856900785575 -0.0974618937887558 0.24664342236270598 0.40029618345067064 -0.43381427544211504 -0.17559970323866858 
0.24603378818055954 -0.2906639849214967 -0.48014909296127484 -0.47703507480356033 0.03829121174003536 0.311179226879442 0.05158805145602752 -0.04234127251966757 0.1832199615021547 -0.2402333756421854 
-0.44256217377282037 -0.36195075168765456 -0.17494347062945792 0.31417311694004035 -0.0815219346444469 0.4848550418213966 0.4718978738495786 -0.19754360649352354 -0.15484807807364942 0.15208496095538193 
-0.315582873556417 -0.26343293852319427 0.3003324509049897 0.18143082176189484 -0.2799601473995337 -0.270379640053258 -0.28424654511497927 0.4782020800389635 0.08598061618738162 0.025618354752486416 
-0.11071135033771673 0.24750443483666495 -0.35698422033888444 -0.25824907718192813 -0.09533803569435184 -0.2899707970754416 0.3715957006807864 0.24469283634167371 0.15052421199611155 -0.3712661641321858 
0.16287537571902566 -0.06514691218242397 -0.4675676908298091 -0.0791418817641949 0.02946959095183277 -0.4036781195804783 0.2691189315058724 0.4041348254566385 -0.05578504759496716 0.3852997147317494 
0.2435421415647332 0.03171736668551184 0.10994801780311614 0.47608213453748116 -0.2604437167337491 -0.19273869063903215 -0.16071518439914367 0.3612124298203304 -0.4633536706569139 -0.06023936520017714 
0.3806142494304301 -0.18879573949460648 -0.2419797412061082 -0.3028465639457145 -0.0350062398271026 -0.46072537110237144 -0.42854492890995877 -0.1516236699148814 0.06836299918461608 -0.31218306627542003 
-0.1723563205421731 -0.4545398359594869 0.3844667276093964 0.3558831049900826 -0.012608220482003607 -0.009575369696132041 0.286105945016884 -0.4792676389581486 0.23686474433285554 0.2561423522876455 
-0.3841881343238853 -0.12845604099441033 -0.4808129782277851 0.18600821384397026 0.4917644533849047 0.26967946171036394 0.32104735032514586 0.3841626943861264 0.4407534415472558 -0.2225802331223734 
0.4445646747348242 -0.07381705850394082 -0.42279339086045353 0.4558912173964068 -0.33247782846274776 -0.43043129844613803 -0.2642133685400433 0.42293350515750905 0.14917666575920274 -0.07598531082727056 
0.4347839877073627 -0.017047880248790337 -0.32579579293482974 0.2533749731373751 0.298510601096159 -0.006663843636255717 0.34394246437543874 0.3243886689393831 0.09912495071373739 0.015812243838597695 
0.1219432850057266 -0.008348883806812535 -0.10820398850109858 0.21614375683214737 -0.28005028224974493 0.013977460242395212 -0.18815953984465916 0.42187392809164614 -0.3292363136476609 -0.06577863346557877 
-0.021556776834188662 0.22535039859374095 0.07607196447408371 -0.2772261869671824 -0.39320112810816454 -0.4719423289544509 0.44014930950221953 0.2843824292888981 -0.13101245080632695 0.4623233727072037 
0.20446011003132625 -0.14140502633745866 0.26362559180677725 0.19775300945301644 0.08353026338157432 -0.19395456510846532 0.25530770345698284 -0.2577133399009168 0.06906353147126032 0.2659641109633962 
-0.27291571362435163 0.48156115939276734 0.017127660089161556 -0.3052913447828175 0.3526936382321739 -0.13470100540855967 0.06233729346995176 0.35077558593552916 0.33999567255200003 0.345735296736145 
-0.28668769119975546 0.37866694283193736 0.12303029723003234 0.4006329798416244 0.37529157426863036 0.26215023105140745 0.4873500199160963 0.23222481899816338 0.218633970072593 0.06686418789177784 
0.30175309846837595 -0.47653888020460455 -0.2339602535740134 0.07288667479662969 0.49926987428477465 0.4542298300164609 0.30667723737502073 0.10979523995429674 0.20123182940971185 0.032755415741448135 
0.26200114381462136 0.14991516802653593 -0.08952091642714721 -0.3188277285591409 -0.0740996600983399 0.4898632241539356 -0.48676108964302567 -0.07069355827738344 -0.4190851370584414 0.15616019362895817 
0.423934389235635 0.016989711509001637 -0.14738701435347112 0.007598810765194863 -0.41684152243594097 0.18276838002846074 0.30582095039801926 0.3752178615866868 0.1762760291612988 0.4256581480355466 
-0.29075017062576924 -0.01985250573589825 -0.12140769089051617 -0.4333637660016797 0.09916497434107652 0.30025455719451 0.1527531608572983 -0.4921499925462586 -0.24190454650665172 -0.48156886456139847 
-0.3749809475595294 -0.3099387397247212 0.4911825031757464 -0.3214668798041189 -0.15071912882547078 -0.11736623610792085 0.13061724530269292 -0.30060976755991187 -0.16883703709970688 -0.39458881208258745 
0.027719630901163916 0.4529725234051736 -0.4707153366302186 -0.32187872183152266 0.4025625280035471 0.19971273474248474 0.1767283215735429 -0.37951872604265013 -0.18735439709717816 0.2921477085601888 
-0.3270111624270672 -0.11503098008564083 -0.3250239467234167 0.2074563203865072 0.4851556747069329 0.19426238283690178 -0.2699857595519337 -0.34986453398551187 0.46680500563670024 -0.423360257902345 
-0.4287058542386313 -0.322030489108736 -0.24594331856151963 0.045172593793207594 -0.11887002820233261 -0.4523872000526219 0.4304767764557915 0.25033052528794264 -0.18932823630066786 0.2505188198823094 
-0.03401701061363094 -0.14934160303671307 0.021674877618015564 -0.48438601392391356 -0.4703626927813126 -0.2075263955294444 0.2676987437263608 0.3920273619723672 0.15218615579833383 0.16707167680963586 
0.034053206807273306 0.39335257728344175 0.3714354810074202 -0.17728382857564362 -0.32133864748512775 -0.415668336541576 0.43202435418783136 0.4487289534156921 -0.2798907436700272 -0.07848539860150161 
0.33088727954870356 0.4202855133159412 0.4045057187253335 -0.3786370865153026 6.724147712617867E-4 0.295058923791614 0.44937504882164525 0.3224291692905158 -0.29439149358744665 0.4866456134697481 
-0.08934103750673195 0.3326585404184059 0.28779128880979565 0.30474460237584644 0.44800417094455314 0.30852280456895986 0.24658506438330652 0.24835143340580235 -0.1261354711435021 0.2996107767709427 
-0.24018676069909117 0.16576649775368668 -0.23645230783395255 0.2104637354016765 -0.3373629012386331 -0.34599264771813887 0.07618802663639912 0.3808581942689264 0.08849903438769591 -0.13974729990476809 
0.19072890692023226 0.1664023032817128 -0.053766707723025164 -0.33076433754327605 0.4963496097913409 0.11322665634089435 -0.3415767254322897 0.1130424876972751 -0.3066274409458615 -0.4362860993817095 
-0.3816885926925099 -0.2764381866216916 0.2585394188229251 0.3046257813828198 -0.36395571346840483 0.46286957300068865 0.10764525426618565 0.174650539828342 0.23976151754167863 -0.18687783904777344 
0.34887191808751805 0.38530714800138155 0.0730147370649944 -0.4149288282152298 0.16176320372587194 -0.32269261615227307 -0.21277196776692797 0.013100862440398653 0.25963602657330387 0.3338906857754568 
-0.23361081622283042 -0.25527084252887844 0.09732338618428227 -0.4966895027992676 -0.2591132310786233 0.4038020093215642 -0.02850353178658316 0.24456537097605335 -0.15161521685496027 -0.4908502698923063 
0.4274145474358375 0.20363191657897772 -0.018146412454065453 -0.33573669711289933 -0.0661965595389411 -0.14812960488632598 0.3283516632087121 0.0985876011952479 -0.38333573399809584 -0.22606134975438796 
-0.15311965735869015 -0.1626826573477299 -0.046833801439485456 -0.4205367836740296 0.059608801427608715 0.004121086673964158 -0.2816217270713097 -0.36911868966484374 -0.0620051620976394 0.020007048423138385 
0.15044705074293807 -0.07071928637125846 -0.14619801791151588 -0.24841567470071624 0.2539282322183054 0.1807292779375207 -0.4652590355080387 -0.016738691548968676 0.3963321589929524 0.27749956347049565 
-0.2845599611471108 -0.05953705233050921 -0.13045549493846365 0.17175796347551675 -0.2933251345368706 -0.025262901156710593 -0.1143648585739675 0.39370224487814165 0.41926544274531263 -0.06334075822923257 
-0.44433027558839333 0.2717950101103327 0.47377414958432873 0.20873438272902167 -0.2395101365278679 0.24965488949157677 -0.09688435766476766 -0.15196671813674278 0.4640297999250189 -0.43766863223726105 
-0.38758451715035946 -0.20290997310195713 -0.057411429632278965 -0.06589690779790336 0.19893146228346903 -0.33837379186509553 -0.3924215743220921 -0.10939647330905167 -0.04542229237755302 0.12495693265298169 
-0.4153781251884401 -0.2600078554384496 -0.12543135336889288 -0.32852816662604034 -0.021528699097929094 0.27105315858786316 0.2779259890576711 -0.07462531435202746 -0.19892361279206938 -0.25948221567457397 
0.20906889025427888 -0.4240971688578561 -0.13077346897012543 -0.22242940430033342 0.1344337140681231 -0.4434620263920178 -0.4114532368770286 0.42041378173576005 -0.4259534284770532 -0.12674201282683206 
0.4322271883242065 -0.38207190954531633 0.2151982012735426 0.23566905435043972 0.09571793302609277 0.17888253786343977 -0.2561524927647614 0.434896358696665 -0.23727758257371745 0.3318093829620177 
0.0991064927124704 0.2334003069363878 -0.3468258526189092 -0.22942491732898151 0.10713590561256714 0.384424950072104 0.040483355670125176 0.30384157102295384 0.4830075614270207 0.2825735283524301 
0.22319096723738385 0.0010266108627110526 0.0025657862730245062 -0.3379540046980989 -0.48472978375638254 0.033035891971019526 0.24104701943617313 -0.29463826712078633 0.1796661702843163 0.2429537867204945 
-0.34880686017416873 -0.09706992417131388 0.37126636446069283 -0.14995677528082108 -0.08917928763828054 0.01262021340526831 -0.4216536492805324 -0.41017985774250176 0.408284984245621 -0.4914786197472203 
-0.2443638251911765 0.023630869175988778 0.45400348638816046 -0.020627370707479775 0.3275049966293948 -0.2869241479583282 0.30718180673617734 0.03968144613354596 -0.4936373743037654 0.4477868062899625 
0.38910917854456106 0.45033870868895143 -0.0807713928330912 -0.26052200704592254 0.11786934707672969 0.31057729562990455 0.36452078626365714 0.3508576010031984 -0.3559617722516325 0.3794097545778139 
-0.3685331954133324 -0.2851023607099784 0.39291605469823043 -0.18777924037091565 -0.29385618471327835 -0.28187367726312496 -0.2739307369269999 -0.14302203123583468 0.3610030555772512 0.47102002812724153 

