128 10
SoftmaxActivation
-0.05828913075413655 0.01224063606599013 0.3676740955221678 -0.07041213959873505 0.19858159565164135 -0.21869123883622033 -0.1584221518542518 0.09905009078586857 0.41209132998447984 0.055234616206977005 
-0.1654901175097362 0.44053135835021684 -0.03737490733070148 -0.3303060733745178 0.39457637637620346 0.4726540746071508 0.08693003964426727 -0.3755829329795962 0.4689989976241449 -0.3404670491603421 
0.04595694357070923 -0.4318085243315324 0.12276862578307579 0.31040873559552007 0.33610616692533235 -0.042932725665360105 -0.1554578887378446 -0.017909567483955113 -0.11468484596597528 -0.18524768607878117 
-0.3136053356806827 0.10664876206765561 -0.4564121146586544 0.18140805267606785 -0.007170374908066823 -0.010344991666064174 0.07698162726270719 0.2755356636236763 -0.4855140952086041 0.028360943306190878 
0.30472947108743065 0.11336727165814509 -0.2267267406229324 -0.01543273901611153 -0.018907824229793202 -0.1688458426476167 -0.35179601114041537 0.4135293754229731 -0.48330414733473814 0.23797071838245532 
0.2849789128355167 -0.10189908682094395 -0.34147286176012626 0.19012850512750967 -0.4025754722552707 -0.4335829703952383 -0.1965792105524118 0.22302255918130376 -0.17483244929667896 0.4817709806121936 
-0.29321115243980633 -0.4977922606763665 -0.1605285338895448 -0.11506065090684969 -0.03349488659057198 -0.43727034714446034 0.1479498371611544 -0.057937889542625465 -0.1887280385578558 0.49421173098486304 
-0.1610912815164256 -0.39471350134989736 0.40346103984479986 0.19892592658309605 0.027361275107828154 0.4287336937775499 0.07833346051230361 0.10105154238192426 -0.28270482004221753 -0.30104956795021354 
-0.3152910112531856 0.2175531188059937 0.37856363651351543 0.036857896889537445 0.46656787080309303 -0.1854154149167221 -0.04819073864549628 -0.2926871574454487 -0.26926693576897753 -0.03194581777231209 
0.4411192302699738 0.23274676046331988 -0.11730547701563465 0.22296027503776106 -0.26835053963209177 -0.45104936869768797 0.2808015219211376 0.20333545006282772 -0.22175578454637213 -0.13607515331663667 
-0.24153722966383018 0.4631127441588857 -0.1488830226930714 -0.41518537671294253 -0.405341635773554 0.08795391082536974 0.09594714184034081 0.16330345658896728 0.1749815680249739 -0.4409430965946841 
0.26828661128981623 0.47643839682774247 -0.42140755441591393 0.17218586616047027 0.13595885853251 0.4077127116568424 -0.14912040354650857 -0.1313563654633052 -0.29182749570238864 -0.37766721515606827 
-0.222709839459713 -0.3203668245549317 0.14636048662737755 0.1409479017225358 -0.4392977507099881 0.1114311431468219 -0.060705366334061206 0.20772302559216238 -0.07712174679406081 -0.2939766606891614 
-0.3161849471051916 0.12148623684170945 -0.20004845771248891 -0.29967205532045393 -0.39744768505230055 0.15278417333545435 -0.01743739510625064 0.17685967796849267 -0.24869039294670447 0.4050301444175701 
-0.2368243863242756 0.34966415095092707 -0.27868858706180644 0.49453141132381373 -0.10373034976893736 -0.3384220764576662 -0.4746862302102678 0.2220335844715836 -0.048486522644307195 0.18234741550212186 
0.2716108447924115 -0.012478578549461994 0.44569636051199024 0.3918651768202368 0.17626099021933006 -0.43963249796797244 -0.023898188561329747 -0.19124069621370454 0.4413951251800914 -0.04147904622673004 
-0.05382481618739565 0.08179812132266617 -0.46374114518800724 -0.38671929674699534 0.3737497041292246 0.1000489009994292 0.45767905149834176 -0.2997010187673925 -0.2972397095852286 0.3974559012035199 
-0.3820652958702192 -0.49718771831095165 -0.4987122255840285 -0.37152052428760884 0.11055073519504466 -0.0603012756817537 0.4219410734781316 0.17366471234860414 0.23832266843378247 -0.06118782808941403 
-0.17500213475874582 -0.0025153380631468547 0.35291918898154495 0.16514544672772635 0.02038954407843685 -0.2744703750567642 0.25169840085676554 -0.2762744081930556 0.17152942113940572 -0.46590959753448846 
-0.3950870632418355 -0.15125307483405348 -0.4778525263057911 -0.14758938018044687 0.14526802898185653 0.2632981668289974 -0.24329082730199947 0.06635881064539495 -0.3581643153323083 -0.15185791545141458 
-0.014340173597618189 0.3819985133172219 0.0016171490382099751 0.4933574602652405 0.05864987475328043 -0.24148966501425528 0.1945852593300641 -0.4767453801987923 -0.347939271254339 0.3521472090757367 
0.08182643570797421 -0.11717233444951414 -0.14843515266596552 0.22638021239589812 -0.35855755973073755 0.3531076692118994 -0.24388214356940785 0.1781187040006431 -0.4668400772764829 0.4231332368550291 
-0.033305866679656515 0.4058659148296274 0.42013540829789453 0.0878556080205698 -0.3087578808815792 0.4028967280283354 -0.024767599410652097 -0.2358519723110336 -0.40325111972956573 -0.10297861113315288 
0.03908638471642378 -0.2788103991025285 0.46996818719160927 -0.12177426449559892 -0.031438020842883496 -0.09315378704158894 0.21027988704192757 -0.24354554226698222 -0.1832531836081296 -0.18172733838089072 
-0.32868726569248685 0.4740310160414546 -0.38058579076593535 0.11281076699616754 0.39237688540782056 -0.03931606220420103 -0.27207296662757063 -0.01563889553675113 0.31641618549124184 -0.33612349888959725 
-0.1751561666949505 -0.05924345958658972 0.178104519645229 0.013112205739927107 -0.013973288248909532 -0.4907320804356402 0.36387456890772285 -0.4158835410858217 -0.08815923928580782 -0.42977659717887684 
-0.30491859196728266 0.41726996962554885 0.24007267193173354 0.47282490459713966 -0.23383265697861766 0.4143972291147874 -0.32551389358172744 -0.17740372179899166 0.18160855470804316 -0.011010923111466675 
-0.48453004986998793 -0.15350040088048744 0.2785879388444932 0.17716530172141975 0.06302483650385782 -0.46039212474925184 -0.30324670534352993 0.2301599262234777 0.2773724571956615 0.3763230269283062 
0.4620827623227308 0.30383798856801325 0.028761045844802657 0.2294808128234579 0.08879513713902365 0.23672956227708952 0.24557958727163864 0.28228498566299387 -0.42859478970552434 -0.4347069710590762 
0.2786824483450111 0.14086495023679357 0.03843947426400596 -0.13640337478810982 -0.16013505118430205 0.05935273254851259 0.26999092936013924 0.21433311701477453 -0.0562801109237413 0.17472651081284474 
0.24320591489191468 0.11905980776262737 0.384643409136457 -0.08473048506009606 0.3629604762172818 0.43778207263674207 0.4145485407123545 0.29434502449111255 0.059396875300957164 0.011475492656439878 
0.4518828559375554 -0.36971095957105626 -0.010344294344652005 0.46586818863193924 -0.15116327977069 0.3435745512158337 0.16805314955040151 0.32078121556858574 -0.0288332149344267 -0.12599767227507075 
-0.03288402228944054 -0.063448143850237 0.103848891415247 0.43352511408240146 0.0813025752566926 0.017541155475994885 -0.014186008704557218 0.26441311502617815 0.2259006964393091 0.3624530235756067 
0.09830863269751855 0.30782104981330694 -0.4444920708762894 0.30216984309504447 0.18396179172398475 -0.29558212778636805 -0.47033575054114674 -0.2019649831668976 -0.14257161830006393 0.3465920639873169 
0.22762039891009633 0.48699020730942977 -0.41648141078127354 -0.21915284762333398 -0.08011037025435408 0.054701103615735214 -0.2549881820060377 0.1193534974266377 0.041144892834891644 0.1937825153529774 
-1.0739962659511715E-4 0.2612238745170835 -0.4228130645000153 0.061459755678292094 -0.36346474412749286 -0.35306789474415823 0.278123480950355 -0.41051980000659305 0.17540263737369566 -0.02660452589293283 
0.04056321583182587 0.21881511838685652 0.03711427368863773 -0.21740668885507775 0.26354295381171955 -0.3673311014861158 -0.3007229395805817 -0.3968044494000267 -0.02393041759504444 -0.15646127638580276 
0.39826189943377266 0.3725265884275428 0.05857326235932925 -0.4464549977878193 0.09714775123165387 0.195291792107548 -0.06376787815039964 0.051978873222876754 0.13734454184477174 0.10584478904581307 
-0.29095755563668835 0.03998992945557278 -0.281055423909488 0.3923759926069641 -0.19832721014901356 -0.32043612921604103 0.11364181535113504 0.2142540049574333 -0.1344452210055196 -0.14758372054973845 
0.30409716658024444 -0.3021472145709323 -0.1536737072672938 0.08415528290448149 -0.4350832016709888 0.4315501033315057 -0.15834163653250677 -0.15995758496042278 0.3529501495891132 0.2971829456441345 
-0.3823403186652138 -0.06909231651694547 -0.2415973430936068 -0.12690184490959566 0.4264679965031908 -0.41874871848754214 -0.31670215737257335 0.22303793725059007 0.07330041713615554 0.3062908312987541 
-0.13988790817018815 -0.25454910932657804 0.01815007664620094 0.12069007679169363 -0.19905511871272286 -0.10057839006294267 -0.33452052104078456 -0.2410692284944277 -0.22362424329625397 0.04626278255919514 
-0.10532444335307112 -0.4742331294439309 -0.03680092942112312 0.34991553505867223 0.31469566508698243 0.11492605730675454 -0.02848405134913512 -0.3353443574465327 -0.3117529415530109 0.2352005119944114 
0.06420245758044729 -0.39479600264326276 0.46400735365669843 0.1652953663144472 -0.4844382281416153 -0.45780780818183997 0.37980677857306444 0.42227984178929356 -0.27899282209312026 0.09503509480975292 
-0.3446421908948426 -0.42678749329668886 -0.13408790258959846 -0.1953862326802085 0.38003101280676865 -0.1545111912012821 0.1893020510823813 0.05977420901405617 0.319340677509252 -0.4013144578510598 
0.13685257202554124 0.02449839170521817 -0.486782166922051 -0.09084656002169489 -0.012303530128258022 0.2667058141943661 -0.280188561777977 0.48833576988941774 -0.13916735107749723 0.02499561615189516 
-0.029525874571384447 -0.09323292225220015 0.35946746179789035 -0.4337597327779221 0.24475140249365124 -0.37206675635204944 0.4954094671275435 -0.11520580816272186 -0.4513918579846755 -0.3303499058852619 
-0.04932343524207894 0.07318147968637734 0.4847904213584472 -0.1946552230794132 0.17976423207151304 0.054478912519338785 -0.25886620165105934 0.09360035419805557 0.33356244711932614 0.008211957933828229 
-0.2092054567000109 0.18155085759663736 0.4946976332178443 -0.255567159664994 0.4977931891145768 0.2661905416069362 0.2541157577464195 0.48475141759530627 0.2519247467225615 -0.1826124490231622 
0.2300106593742648 -0.00555869053742819 -0.28099669209852784 0.167368834384516 -0.2672576922979579 -0.22365496616716174 0.2855732783136904 -0.1463301107879027 0.41317675883376637 0.08515367388571338 
-0.1983666079684564 0.16601902161999904 0.3969208381065378 -0.15026207129400626 0.28058353606140884 -0.30764716832154904 0.1032117273493427 0.2015593503673624 -0.1974809955237563 -0.2148637709361626 
-0.3252382037259469 0.1987917259223866 -0.01483999434069061 -0.2236140111627427 -0.29635211051377974 -0.49136578027137856 0.03611932620452174 0.4582748430384298 -0.2716269308656546 0.2643998116248395 
-0.4191257140794342 -0.18408156003458176 -0.20148185575719446 0.04931358736367042 0.1727235846870081 0.24992443590054159 0.2559392376211864 -0.024442697156879745 -0.3658263104177645 -0.44148993172733897 
-0.23474319443747438 0.12494830997824591 0.15361321855908716 -0.2375297549050006 -0.4585795872057472 0.19674211639364414 0.3667983582634806 0.4510053340087262 -0.33157700510770016 0.06839983499722058 
0.4895857116185607 -0.2976055662610444 0.3807768671983024 0.11676316220679317 -0.06348645067762826 -0.20927408347191723 0.18815322583717464 -0.4300692478217151 -0.24075340069698192 -0.17162573990681784 
-0.23637402328805424 -0.13576770026559382 -0.3304371677907647 0.21363845138881876 -0.4127508607674636 -0.03395300124196987 0.3734757670871325 0.2539334658160768 0.43923738091600584 -0.11518410484742425 
0.43624899362224023 -0.3828462587007374 -0.02919332149385223 0.15144795258898391 -0.07752571682532494 0.32730316681903127 -0.25422718982144965 -0.1345775235487272 -0.3889515438815878 -0.13478660868249548 
0.3422931479391579 0.024240770660737154 -0.32820192881001653 -0.43885155513986196 0.33167691216968453 0.24048276371019328 0.3086656891108024 -0.12667967092624277 0.2099782276314971 -0.37542503840544716 
0.023784598188452022 0.33481691624430343 -0.35187509239500214 -0.43452197224003775 -0.16256609880726014 -0.07883041489618015 -0.25237476868138575 0.37685385497839907 0.010779040152969932 0.34176555772313 
0.34143405613126543 0.29287346431002137 -0.43853203627132753 0.290535160764235 -0.23665119249516475 0.09567874006496113 0.13656579482207232 0.00482196910508903 -0.07565566252979672 -0.26438760481869306 
-0.3870236610597385 -0.4239303357087949 -0.019454413872859955 -0.33431765584984596 0.1324119306766004 0.3319362707129585 0.35507529148097516 0.25332794647213963 0.14613752284298276 0.2666728330465027 
0.38480357633386486 -0.44459239058079314 0.4441287474044391 -0.06491973031553488 0.4030648469403447 -0.053571887847020494 0.07394817114267005 0.44508495941076787 -0.35930301104452045 -0.42461173278551523 
-0.4834424625187711 0.18494941525026964 -0.06970344629005343 0.39321066665395576 0.4794482172815768 -0.2966380879378675 -0.16762743507656974 -0.45941292834542546 0.19188597005578123 -0.2758753536281858 
0.467121487673828 0.21516415531578836 0.14273005388584403 -0.37811255027440027 0.03183353932181243 -0.252651443362754 -0.21179865675971576 -0.18865037047857414 -0.28851894314878224 -0.4943889388104389 
-0.12486268222804942 0.4095797948025989 0.4488277023074765 0.4250217832750456 -0.3253132390844192 0.21958019941455464 -0.1695632379991634 0.4068495484193194 -0.3979398215993214 -0.44705218621114173 
0.1662457089350714 -0.4275898421370279 0.4098668452300548 -0.3395380748403666 -0.3070864798986823 0.3709501414632709 0.38573282639836204 -0.4283460120431467 -0.28506413184537005 -0.1607962051224311 
-0.2406912794725592 -0.042107824948818484 0.41256264127695363 -0.11063689291178758 -0.17056022853868946 0.22823972237664503 -0.00815834012424943 0.3625513486446923 0.15918512575125388 0.44332278873615605 
-0.17034955084485137 -0.27350649811000893 -0.4454628992514096 -0.21033042674565683 0.27536836682817023 -0.28107295105438845 0.442105353808251 0.29545996094716975 -0.18912071657469587 -0.0576005041875729 
-0.3083051474063606 0.1883505600601949 0.3418847944413007 0.4014494544167656 -0.1083793411282159 -0.2029828599412229 0.496046718123326 0.2397705246355768 -0.42223317199674903 0.1802828816552131 
-0.06273336316412059 0.4828081433005713 -0.0581898644187393 -0.2688225511971025 -0.12955045185303637 0.4203416046120796 0.09969425554472566 -0.15200183436455572 0.1073875292055293 0.37395460953345017 
0.0883534503482497 0.39042185508267113 0.29193850418604084 -0.014100226373400249 0.3768491179996638 0.045941532849883115 0.14146414351570424 -0.16128661743720984 -0.17250334030655035 -0.0796205860436956 
-0.1484698184824359 0.16903910381581755 -0.2767760338328702 -0.3640460584127345 0.1321614199518789 -0.32552996624021757 -0.3106826904394602 -0.028644586150574414 -0.30351761128107324 -0.07117934019408834 
0.08087391643595432 -0.3894893908999959 0.40636452201245676 -0.2809080835435046 -0.3183048973148047 -0.11980557392965652 -0.3052610676373828 -0.30350677089320166 0.3660175308490329 0.451372265533143 
0.33052331710561444 0.09423825032006206 -0.288605575177163 -0.14486625949055865 0.06965063234151636 -0.09356849570612547 0.41920255195087064 0.32130511988298405 0.24447603760077818 -0.15478465506172212 
-0.20133509484531353 -0.11369611887670517 -0.11612197490535014 -0.4025521957131497 -0.49905711433257327 -0.06347402732170848 -0.4723419342450159 0.3875338191986467 0.15176626442279295 0.35453242169222465 
-0.49861710044023455 -0.3803664550301593 -0.4757671731387503 0.21752874988950377 0.0516022813979804 0.42032342507065634 0.4178237825757969 -0.4388928080451556 0.40641401136389343 0.23188667312217215 
0.46534534549405226 0.06594837866879466 -0.4773627936310335 0.21676220571344829 -0.3235794275791283 -0.3488448383364595 0.008394067924197501 0.12528154957555604 -0.35568005624802357 -0.13488116178004173 
0.4686890493126997 0.4516760659052462 -0.007667120695101781 -0.3467065720594299 0.3116136205429152 0.1574371900932804 -0.1834530755825592 -0.4480188649623924 -0.1259059140064589 -0.023535118780324438 
-0.4061852353163333 -0.39179171199508855 -0.4213616324271715 0.3330404020411354 0.2668540502293979 0.35799758132924264 -0.28367248401192613 0.20151161882611035 -0.007161718156545538 0.008818979111742675 
0.366336108234094 -0.18432001388395514 0.34750181611770325 -0.4332712259398085 -0.0914448957450037 -0.0037693515067538375 -0.386304505816809 0.024681821905525148 -0.43657035000680533 0.006148071815543221 
0.15149381324232558 -0.11427054773069689 0.4019136962888582 0.26691135159458435 -0.2536313843150869 0.23329172900817863 0.3084816781168448 -0.027634849205159795 0.26260813105161607 0.28041926501694636 
0.45142726553363044 -0.3774865772381363 -0.10892559208611508 -0.16906344572699794 -0.08278187872038933 -0.2339152051617741 -0.2264436864567304 0.36758506719744977 0.29946409747493763 -0.211429811948037 
-0.18961087937333443 -0.4542387629247535 0.19809619320142902 0.41153446612936784 0.013675972404389669 -0.28382923187304443 -0.2193579403404119 -0.32064407550862306 -0.1446396438023405 -0.27430256686316756 
-0.21497685499511232 -0.3988514667928793 -0.32243677696299977 -0.34698902984078916 -0.39791237088354436 0.28847373583178826 0.38201180966630455 0.32391528078231335 0.3661322882480612 0.3835499673466274 
0.29605164964244435 0.4211648022198823 0.3029553805581868 -0.1919800529709047 0.324647599891561 -0.2455467153037798 -0.06247766922665421 0.3789366613889773 0.24094318306005247 -0.21149400075259994 
0.14711380800346652 -0.36351846497348406 0.24236188284553362 -0.15931729469143152 0.4608664288658938 0.30702882340745885 -0.2951017542659704 0.45422562498033847 0.45290396713247494 0.18552264031051457 
0.4051604848846342 0.3292626966489831 -0.4462030393908114 -0.13726617318207202 0.34789039104175257 -0.1490963395573084 0.11387714629139956 -0.3541834796420221 -0.2638995071007254 -0.30775762036945276 
0.09197255059123233 0.22468433602197835 -0.4483676333256662 0.18980572890718106 0.31441779268831194 0.12207920551022577 -0.3241457960956281 0.18996614575789372 -0.14826649268892278 -0.26819366494040575 
0.47337958181128126 -0.15293905128004237 -0.30584213555663153 -0.20253911688384418 0.28610366154429834 0.4174385048805155 -0.42774825104624215 -0.48692674166041583 0.3405171552714714 0.438377773362699 
0.4650890213001643 0.03745172496552318 0.1581719362053975 -0.19319551858682882 0.06608165455483805 0.10560232193325114 -0.3226629019230287 0.17995323644075933 0.23527877250713147 -0.40654210671798807 
-0.056702467328106354 -0.191397806980673 0.2570181769929485 0.34624939606063043 0.4054115319404439 0.3832326621390505 -0.4569030574782531 0.3162043285383901 -0.429041880728783 -0.27555651048035845 
0.27416817054379206 0.07185868861810629 0.008968370452802521 0.18117550470347066 0.3558585059912187 0.03912035983720963 0.4716497612788967 0.4137791593615632 -0.018858589004977278 0.41332342391454147 
0.20667577426378259 -0.1663161515016658 0.03678933892692715 -0.45813546004633254 0.37052805369471953 0.34740484218237055 -0.4307324930753642 -0.2813861315788786 -0.1787585580463541 0.20984980589232938 
-0.4657791295289332 -0.2458550679513981 0.46831725420392045 -0.2696361506720819 0.09374488956963156 0.38992888025146566 -0.21176678074796096 0.2946779645438439 -0.20308000409175053 -0.39000910002904476 
0.07589375928103859 -0.3330967083702612 0.08162826615210461 0.17012714791269146 0.49552696164235266 -0.1820609010135562 -0.3305394443045193 0.21263300913728622 0.018950121107751405 -0.40986033585129567 
-0.4094393876691861 -0.336405414383372 -0.10521166582672126 0.35281167806495806 -0.22845750470589 0.22014688874198585 0.37914598551522616 0.42909004131873196 0.3471560960959633 0.12670396873547762 
0.07639428235023538 0.4819670180445017 0.11516507763239225 -0.3879823302636374 0.3881519176543001 0.2357255015853167 -0.15605983476255714 -0.18697689467223 0.2492009398847438 -0.12124527529839846 
0.4635603151363251 0.24678099089128036 -0.4590073330326164 0.24470240598115744 -0.47624714457186745 0.40842775397877573 0.3165638189331368 0.40114426676917614 -0.3142070589966648 -0.12910308828996542 
0.24509602442991352 -0.41157145538557405 0.43052196083445127 0.3412756360352883 0.4900167729311987 -0.4539206387025637 -0.38906690589294 0.48901310448575963 -0.42854664575132917 0.14011970845672095 
-0.044688136474566154 0.002797745028361498 -0.3679841913758828 -0.13809896434579993 0.1357080297572154 0.2557732097846356 -0.07570160743095233 0.20750333532780918 -0.4434453140557425 0.16286305549475133 
0.2691542001454432 0.1664958753633351 -0.4104608724396548 0.2993271672334443 -0.3042898504905831 0.04982545056586751 -0.4166303851324331 0.11627324377258164 0.4672550189973418 -0.3311743571202135 
-0.389129677659073 0.13669918982590457 0.2215465145252692 0.44081697758562166 -0.4191229165317386 0.34474320260701796 0.00974728691667015 0.34149444122377925 0.03869431132501722 -0.408829933033534 
-0.3948853080060841 -0.24972423452703296 -0.29358639224697247 -0.27027595590214526 -0.42926787375051145 0.14200968952903592 -0.4268171799918974 0.37182974013747505 0.22498459763584344 0.2669207291934319 
0.13555391183621757 -0.3987755452188141 -0.17585493733552582 -0.06960674420904422 0.20932701913902074 -0.2745433051526407 -0.006648351862677093 -0.2648260049223481 -0.4131535860071608 0.1577870899264855 
-0.3195791526227374 0.18079902132017567 -0.3025053788892259 -0.17911987980367494 -0.3186449477613815 0.32852773773386046 0.3441682236645176 0.042775624972108184 0.09206694626560952 -0.16520717269331542 
-0.46519049767905696 -0.22401864263452698 -0.12224192709469872 -0.4678483616965341 0.4056061460442897 0.1121294715554998 0.11955184698055665 -0.1060485271193109 0.24126053625471444 0.4874906107175683 
0.397396167681336 -0.342602819176857 -0.3622302524434561 -0.3212581568836447 0.19891469651194527 -0.40056336688098937 -0.07555452359735038 -0.3262645497340495 0.20579948429202777 -0.039144486178366855 
0.06444289690157823 -0.2313824259680134 -0.19749763184060298 0.29620037383379294 0.3868565663156278 -0.20950283884379428 0.1763960581797528 -0.40937558408815355 -0.33152024697529525 0.1739670850682915 
-0.06575979040321556 0.3294779304266272 0.279613738260832 -0.2698687471497494 0.24670170475281894 -0.16755881063599087 0.335851800943886 0.33839251912597834 0.15084260823421392 -0.4287753562882922 
0.05655192131901987 0.46410841462544683 -0.21009705442019833 0.37833753451050867 -0.179248070852425 0.3593225667253065 0.0503699757428312 0.4241528317498361 -0.2674315231508615 0.03913208851736649 
0.2682393561904718 -0.40952743413349224 -0.1393380218666096 -0.3571481214508728 0.419537937769185 0.401024976506824 -0.2998627550923759 -0.41301100152710934 0.4845914735499848 -0.017199716412699018 
-0.17971028345360496 -0.0038583335561273024 0.48118545736432783 -0.37314031761905053 0.10789534620831442 0.25828876958935687 -0.0013196099028729424 0.3932278772133222 0.4932820097637357 0.1925375615616297 
-0.0666923441973516 -0.13829369887472398 -0.4447910822634883 0.24024899855818227 -0.47571441780477763 -0.4310790854465447 -0.05938025749635778 0.29456093616217516 -0.27894002264077156 -0.10835531233993112 
0.10662412776879804 0.26868206565086883 0.37388688381965507 0.13741177030581497 0.49460147637238083 0.2699300930342373 -0.2668601881019942 0.3856664804900225 -0.11989022492798629 0.29433969918852954 
0.26713729489164617 0.18616756333348705 0.3073215156858661 -0.31423258270385046 -0.13604836675633003 -0.4339063067813068 -0.28700250234196734 0.21377176909735807 0.0695721998061114 -0.07672622907011917 
0.07254887819179212 -0.48385106821193524 0.13296237068659955 0.290191375953304 -0.3404738880654161 -0.17514441873850017 0.2779620655428475 0.1418897964417628 -0.20008650777050407 0.34815222415602665 
-0.19734736799048658 0.3906302895545093 0.32389610017817194 0.4171516798891717 0.3187142023594576 0.4611328895526229 -0.22969432263084122 -0.47844071630238727 -0.31352934815266276 0.37245592684118745 
0.28274072991644317 -0.34275735432967724 -0.02426982783247944 -0.43395365458284496 0.05139528222162404 -0.0126296423695208 0.08819477003347176 -0.18577981121669718 0.10091978589314643 -0.32078896149728287 
-0.48587502851719744 -0.08069138708249879 0.20217672272495146 -0.07971500022492906 0.06411088906087137 0.07093177412142182 -0.3054575496428996 -0.4595871987986231 0.3162143579841754 -0.3326608288231845 
0.04544612323563246 0.3703067565889535 -0.05058881530230419 0.12648180651276064 0.04512526019425145 0.4527021761107173 0.0961764848249429 -0.28654208364049405 -0.3628831739176722 0.488627670994613 
0.3402201836098171 -0.30679917530242373 -0.4812082563005403 0.44926471180463423 0.009793950960921283 0.18075373162919695 -0.1887204014300763 0.11294862425508578 -0.027345495618312676 -0.09379685430428397 
0.2944197623646453 0.397214314936328 0.22568285632206708 -0.2626811145637795 -0.07008635337042579 -0.25260778957067664 0.19032263655816894 0.2101753598264886 -0.3453573089066465 -0.4838892469402294 
-0.22558512676554932 -0.4934945102007745 -0.2838452880515381 0.22216396249598114 -0.058329117264520725 0.2862647812971575 0.14361119982585246 -0.18744622044856352 -0.25806145706024064 -0.4651398801396708 
0.30002677155687774 -0.43188153178465805 0.4985816967628216 0.11672420337128542 -0.15457887821569283 0.09101026410246182 0.12370626310454391 0.04039280402665679 -0.14445697188951567 -0.10861354441161553 
0.33763072934736704 -0.46503065934422405 0.2871144618947895 0.451030343447662 -0.09408702599928276 -0.08616310424037121 0.4580831047261358 0.2832191997181923 -0.12459113372177533 -0.14129487874667213 
-0.2798409321514317 0.43100907265911903 0.19025306140358145 0.1955558202580029 0.04095215496086113 0.05020645759258435 -6.846306036103478E-4 0.4537770101534695 -0.2156861391027508 0.20864979283644236 
0.42860137213018557 -0.4992469046626782 -0.419971548384906 -0.19997579936322385 -0.4147714231103432 0.3264036979722432 -0.19221462018779423 -0.4817147738651584 0.08402503162764152 -0.3843581939837122 
-0.11459444016947207 0.16786834410437035 0.44346011657730044 0.09144741837009607 0.2475820657162927 0.19521292374504418 0.2845318477754931 -0.2627702094483144 -0.3710645728043157 0.21873079530955208 
0.38439928992918315 -0.08562186859950427 0.02397273412228007 -0.4927989892890283 0.285961982861185 0.07937678448759833 0.48657854848363213 -0.18932594297830985 0.3452534389230607 0.2745877243601199 

